  2.0324e+01  2.4749e+00  2.5512e+01  2.4749e+00
  2.1277e+01  4.8013e+00  2.7029e+01  4.8013e+00
  2.2810e+01  6.8385e+00  2.9487e+01  6.8385e+00
  2.4841e+01  8.4612e+00  3.2768e+01  8.4612e+00
  2.7261e+01  9.5658e+00  3.6713e+01  9.5658e+00
  2.9943e+01  1.0076e+01  4.1127e+01  1.0076e+01
  3.2744e+01  9.9478e+00  4.5790e+01  9.9478e+00
  3.5514e+01  9.1695e+00  5.0468e+01  9.1695e+00
  3.8106e+01  7.7647e+00  5.4926e+01  7.7647e+00
  4.0381e+01  5.7900e+00  5.8942e+01  5.7900e+00
  4.2217e+01  3.3319e+00  6.2314e+01  3.3319e+00
  4.3516e+01  5.0249e-01  6.4877e+01  5.0249e-01
  4.4207e+01 -2.5663e+00  6.6507e+01 -2.5663e+00
  4.4250e+01 -5.7301e+00  6.7128e+01 -5.7301e+00
  4.3642e+01 -8.8394e+00  6.6719e+01 -8.8394e+00
  4.2411e+01 -1.1748e+01  6.5312e+01 -1.1748e+01
  4.0620e+01 -1.4319e+01  6.2991e+01 -1.4319e+01
  3.8360e+01 -1.6434e+01  5.9889e+01 -1.6434e+01
  3.5747e+01 -1.8000e+01  5.6180e+01 -1.8000e+01
  3.2917e+01 -1.8951e+01  5.2069e+01 -1.8951e+01
  3.0014e+01 -1.9254e+01  4.7782e+01 -1.9254e+01
  2.7189e+01 -1.8910e+01  4.3554e+01 -1.8910e+01
  2.4586e+01 -1.7956e+01  3.9618e+01 -1.7956e+01
  2.2340e+01 -1.6459e+01  3.6190e+01 -1.6459e+01
  2.0563e+01 -1.4515e+01  3.3459e+01 -1.4515e+01
  1.9347e+01 -1.2243e+01  3.1577e+01 -1.2243e+01
  1.8750e+01 -9.7823e+00  3.0650e+01 -9.7823e+00
  1.8798e+01 -7.2786e+00  3.0736e+01 -7.2786e+00
  1.9485e+01 -4.8814e+00  3.1835e+01 -4.8814e+00
  2.0769e+01 -2.7345e+00  3.3898e+01 -2.7345e+00
  2.2576e+01 -9.6812e-01  3.6821e+01 -9.6812e-01
  2.4806e+01  3.0751e-01  4.0455e+01  3.0751e-01
  2.7335e+01  1.0082e+00  4.4616e+01  1.0082e+00
  3.0024e+01  1.0801e+00  4.9087e+01  1.0801e+00
  3.2724e+01  5.0280e-01  5.3639e+01  5.0280e-01
  3.5286e+01 -7.0993e-01  5.8036e+01 -7.0993e-01
  3.7570e+01 -2.5106e+00  6.2050e+01 -2.5106e+00
  3.9447e+01 -4.8206e+00  6.5473e+01 -4.8206e+00
  4.0811e+01 -7.5343e+00  6.8129e+01 -7.5343e+00
  4.1584e+01 -1.0525e+01  6.9881e+01 -1.0525e+01
  4.1718e+01 -1.3651e+01  7.0640e+01 -1.3651e+01
  4.1198e+01 -1.6762e+01  7.0369e+01 -1.6762e+01
  4.0044e+01 -1.9712e+01  6.9085e+01 -1.9712e+01
  3.8310e+01 -2.2361e+01  6.6859e+01 -2.2361e+01
  3.6079e+01 -2.4583e+01  6.3809e+01 -2.4583e+01
  3.3461e+01 -2.6279e+01  6.0100e+01 -2.6279e+01
  3.0587e+01 -2.7374e+01  5.5929e+01 -2.7374e+01
  2.7600e+01 -2.7825e+01  5.1517e+01 -2.7825e+01
  2.4648e+01 -2.7626e+01  4.7099e+01 -2.7626e+01
  2.1881e+01 -2.6802e+01  4.2909e+01 -2.6802e+01
  1.9434e+01 -2.5411e+01  3.9168e+01 -2.5411e+01
  1.7428e+01 -2.3544e+01  3.6074e+01 -2.3544e+01
  1.5960e+01 -2.1313e+01  3.3791e+01 -2.1313e+01
  1.5098e+01 -1.8851e+01  3.2439e+01 -1.8851e+01
  1.4879e+01 -1.6305e+01  3.2088e+01 -1.6305e+01
  1.5304e+01 -1.3823e+01  3.2755e+01 -1.3823e+01
  1.6341e+01 -1.1551e+01  3.4405e+01 -1.1551e+01
  1.7926e+01 -9.6239e+00  3.6949e+01 -9.6239e+00
  1.9964e+01 -8.1586e+00  4.0250e+01 -8.1586e+00
  2.2338e+01 -7.2468e+00  4.4132e+01 -7.2468e+00
  2.4912e+01 -6.9511e+00  4.8386e+01 -6.9511e+00
  2.7540e+01 -7.3014e+00  5.2787e+01 -7.3014e+00
  3.0071e+01 -8.2936e+00  5.7098e+01 -8.2936e+00
  3.2363e+01 -9.8893e+00  6.1087e+01 -9.8893e+00
  3.4282e+01 -1.2018e+01  6.4542e+01 -1.2018e+01
  3.5716e+01 -1.4582e+01  6.7274e+01 -1.4582e+01
  3.6579e+01 -1.7459e+01  6.9137e+01 -1.7459e+01
  3.6813e+01 -2.0510e+01  7.0026e+01 -2.0510e+01
  3.6394e+01 -2.3589e+01  6.9890e+01 -2.3589e+01
  3.5333e+01 -2.6546e+01  6.8731e+01 -2.6546e+01
  3.3674e+01 -2.9238e+01  6.6604e+01 -2.9238e+01
  3.1493e+01 -3.1536e+01  6.3617e+01 -3.1536e+01
  2.8892e+01 -3.3332e+01  5.9922e+01 -3.3332e+01
  2.5998e+01 -3.4544e+01  5.5706e+01 -3.4544e+01
  2.2950e+01 -3.5120e+01  5.1186e+01 -3.5120e+01
  1.9897e+01 -3.5043e+01  4.6594e+01 -3.5043e+01
  1.6988e+01 -3.4330e+01  4.2166e+01 -3.4330e+01
  1.4364e+01 -3.3031e+01  3.8127e+01 -3.3031e+01
  1.2150e+01 -3.1225e+01  3.4684e+01 -3.1225e+01
  1.0450e+01 -2.9022e+01  3.2010e+01 -2.9022e+01
  9.3406e+00 -2.6550e+01  3.0238e+01 -2.6550e+01
  8.8678e+00 -2.3950e+01  2.9454e+01 -2.3950e+01
  9.0428e+00 -2.1371e+01  2.9689e+01 -2.1371e+01
  9.8430e+00 -1.8963e+01  3.0922e+01 -1.8963e+01
  1.1212e+01 -1.6863e+01  3.3078e+01 -1.6863e+01
  1.3065e+01 -1.5193e+01  3.6035e+01 -1.5193e+01
  1.5289e+01 -1.4053e+01  3.9626e+01 -1.4053e+01
  1.7753e+01 -1.3515e+01  4.3650e+01 -1.3515e+01
  2.0312e+01 -1.3616e+01  4.7886e+01 -1.3616e+01
  2.2819e+01 -1.4364e+01  5.2097e+01 -1.4364e+01
  2.5124e+01 -1.5728e+01  5.6051e+01 -1.5728e+01
  2.7094e+01 -1.7648e+01  5.9528e+01 -1.7648e+01
  2.8608e+01 -2.0031e+01  6.2332e+01 -2.0031e+01
  2.9572e+01 -2.2763e+01  6.4304e+01 -2.2763e+01
  2.9922e+01 -2.5709e+01  6.5326e+01 -2.5709e+01
  2.9622e+01 -2.8723e+01  6.5333e+01 -2.8723e+01
  2.8675e+01 -3.1655e+01  6.4311e+01 -3.1655e+01
  2.7115e+01 -3.4361e+01  6.2302e+01 -3.4361e+01
  2.5010e+01 -3.6707e+01  5.9399e+01 -3.6707e+01
  2.2455e+01 -3.8577e+01  5.5740e+01 -3.8577e+01
  1.9570e+01 -3.9883e+01  5.1506e+01 -3.9883e+01
  1.6492e+01 -4.0563e+01  4.6907e+01 -4.0563e+01
  1.3368e+01 -4.0592e+01  4.2171e+01 -4.0592e+01
  1.0348e+01 -3.9975e+01  3.7533e+01 -3.9975e+01
  7.5746e+00 -3.8754e+01  3.3225e+01 -3.8754e+01
  5.1796e+00 -3.7002e+01  2.9457e+01 -3.7002e+01
  3.2732e+00 -3.4819e+01  2.6415e+01 -3.4819e+01
  1.9401e+00 -3.2328e+01  2.4243e+01 -3.2328e+01
  1.2349e+00 -2.9668e+01  2.3041e+01 -2.9668e+01
  1.1785e+00 -2.6988e+01  2.2855e+01 -2.6988e+01
  1.7577e+00 -2.4437e+01  2.3680e+01 -2.4437e+01
  2.9258e+00 -2.2156e+01  2.5455e+01 -2.2156e+01
  4.6047e+00 -2.0273e+01  2.8069e+01 -2.0273e+01
  6.6892e+00 -1.8895e+01  3.1369e+01 -1.8895e+01
  9.0529e+00 -1.8100e+01  3.5161e+01 -1.8100e+01
  1.1554e+01 -1.7937e+01  3.9229e+01 -1.7937e+01
  1.4045e+01 -1.8422e+01  4.3340e+01 -1.8422e+01
  1.6376e+01 -1.9534e+01  4.7259e+01 -1.9534e+01
  1.8408e+01 -2.1222e+01  5.0760e+01 -2.1222e+01
  2.0016e+01 -2.3401e+01  5.3641e+01 -2.3401e+01
  2.1100e+01 -2.5962e+01  5.5731e+01 -2.5962e+01
  2.1584e+01 -2.8776e+01  5.6900e+01 -2.8776e+01
  2.1427e+01 -3.1699e+01  5.7067e+01 -3.1699e+01
  2.0619e+01 -3.4582e+01  5.6206e+01 -3.4582e+01
  1.9186e+01 -3.7277e+01  5.4341e+01 -3.7277e+01
  1.7186e+01 -3.9647e+01  5.1551e+01 -3.9647e+01
  1.4709e+01 -4.1572e+01  4.7965e+01 -4.1572e+01
  1.1867e+01 -4.2953e+01  4.3751e+01 -4.2953e+01
  8.7937e+00 -4.3723e+01  3.9111e+01 -4.3723e+01
  5.6339e+00 -4.3845e+01  3.4270e+01 -4.3845e+01
  2.5370e+00 -4.3315e+01  2.9463e+01 -4.3315e+01
 -3.5064e-01 -4.2166e+01  2.4924e+01 -4.2166e+01
 -2.8941e+00 -4.0462e+01  2.0870e+01 -4.0462e+01
 -4.9764e+00 -3.8297e+01  1.7494e+01 -3.8297e+01
 -6.5052e+00 -3.5787e+01  1.4954e+01 -3.5787e+01
 -7.4172e+00 -3.3068e+01  1.3362e+01 -3.3068e+01
 -7.6818e+00 -3.0287e+01  1.2779e+01 -3.0287e+01
 -7.3027e+00 -2.7593e+01  1.3215e+01 -2.7593e+01
 -6.3175e+00 -2.5131e+01  1.4624e+01 -2.5131e+01
 -4.7959e+00 -2.3033e+01  1.6910e+01 -2.3033e+01
 -2.8359e+00 -2.1412e+01  1.9929e+01 -2.1412e+01
 -5.5876e-01 -2.0355e+01  2.3499e+01 -2.0355e+01
  1.8975e+00 -1.9920e+01  2.7408e+01 -1.9920e+01
  4.3855e+00 -2.0131e+01  3.1426e+01 -2.0131e+01
  6.7560e+00 -2.0978e+01  3.5319e+01 -2.0978e+01
  8.8660e+00 -2.2419e+01  3.8857e+01 -2.2419e+01
  1.0586e+01 -2.4376e+01  4.1829e+01 -2.4376e+01
  1.1809e+01 -2.6749e+01  4.4055e+01 -2.6749e+01
  1.2450e+01 -2.9412e+01  4.5393e+01 -2.9412e+01
  1.2459e+01 -3.2225e+01  4.5748e+01 -3.2225e+01
  1.1818e+01 -3.5039e+01  4.5078e+01 -3.5039e+01
  1.0542e+01 -3.7706e+01  4.3393e+01 -3.7706e+01
  8.6815e+00 -4.0084e+01  4.0757e+01 -4.0084e+01
  6.3164e+00 -4.2048e+01  3.7286e+01 -4.2048e+01
  3.5541e+00 -4.3494e+01  3.3137e+01 -4.3494e+01
  5.2267e-01 -4.4344e+01  2.8505e+01 -4.4344e+01
 -2.6355e+00 -4.4552e+01  2.3609e+01 -4.4552e+01
 -5.7714e+00 -4.4107e+01  1.8683e+01 -4.4107e+01
 -8.7370e+00 -4.3030e+01  1.3961e+01 -4.3030e+01
 -1.1394e+01 -4.1377e+01  9.6676e+00 -4.1377e+01
 -1.3618e+01 -3.9234e+01  6.0031e+00 -3.9234e+01
 -1.5312e+01 -3.6711e+01  3.1357e+00 -3.6711e+01
 -1.6402e+01 -3.3941e+01  1.1907e+00 -3.3941e+01
 -1.6848e+01 -3.1066e+01  2.4499e-01 -3.1066e+01
 -1.6646e+01 -2.8237e+01  3.2228e-01 -2.8237e+01
 -1.5823e+01 -2.5601e+01  1.3922e+00 -2.5601e+01
 -1.4439e+01 -2.3293e+01  3.3719e+00 -2.3293e+01
 -1.2587e+01 -2.1433e+01  6.1303e+00 -2.1433e+01
 -1.0381e+01 -2.0116e+01  9.4951e+00 -2.0116e+01
 -7.9543e+00 -1.9408e+01  1.3262e+01 -1.9408e+01
 -5.4537e+00 -1.9343e+01  1.7205e+01 -1.9343e+01
 -3.0284e+00 -1.9921e+01  2.1089e+01 -1.9921e+01
 -8.2363e-01 -2.1106e+01  2.4682e+01 -2.1106e+01
  1.0267e+00 -2.2834e+01  2.7767e+01 -2.2834e+01
  2.4076e+00 -2.5007e+01  3.0154e+01 -2.5007e+01
  3.2289e+00 -2.7508e+01  3.1690e+01 -2.7508e+01
  3.4301e+00 -3.0198e+01  3.2266e+01 -3.0198e+01
  2.9833e+00 -3.2932e+01  3.1824e+01 -3.2932e+01
  1.8952e+00 -3.5560e+01  3.0360e+01 -3.5560e+01
  2.0609e-01 -3.7938e+01  2.7925e+01 -3.7938e+01
 -2.0117e+00 -3.9934e+01  2.4618e+01 -3.9934e+01
 -4.6580e+00 -4.1439e+01  2.0588e+01 -4.1439e+01
 -7.6098e+00 -4.2367e+01  1.6019e+01 -4.2367e+01
 -1.0728e+01 -4.2663e+01  1.1124e+01 -4.2663e+01
 -1.3865e+01 -4.2306e+01  6.1346e+00 -4.2306e+01
 -1.6871e+01 -4.1307e+01  1.2862e+00 -4.1307e+01
 -1.9605e+01 -3.9714e+01 -3.1931e+00 -3.9714e+01
 -2.1938e+01 -3.7605e+01 -7.0949e+00 -3.7605e+01
 -2.3763e+01 -3.5083e+01 -1.0241e+01 -3.5083e+01
 -2.5002e+01 -3.2275e+01 -1.2493e+01 -3.2275e+01
 -2.5604e+01 -2.9322e+01 -1.3761e+01 -2.9322e+01
 -2.5554e+01 -2.6374e+01 -1.4005e+01 -2.6374e+01
 -2.4871e+01 -2.3578e+01 -1.3242e+01 -2.3578e+01
 -2.3607e+01 -2.1075e+01 -1.1539e+01 -2.1075e+01
 -2.1845e+01 -1.8988e+01 -9.0144e+00 -1.8988e+01
 -1.9693e+01 -1.7421e+01 -5.8305e+00 -1.7421e+01
 -1.7282e+01 -1.6448e+01 -2.1834e+00 -1.6448e+01
 -1.4755e+01 -1.6112e+01  1.7058e+00 -1.6112e+01
 -1.2260e+01 -1.6423e+01  5.6035e+00 -1.6423e+01
 -9.9448e+00 -1.7355e+01  9.2754e+00 -1.7355e+01
 -7.9477e+00 -1.8851e+01  1.2499e+01 -1.8851e+01
 -6.3893e+00 -2.0823e+01  1.5076e+01 -2.0823e+01
 -5.3672e+00 -2.3157e+01  1.6842e+01 -2.3157e+01
 -4.9506e+00 -2.5721e+01  1.7675e+01 -2.5721e+01
 -5.1766e+00 -2.8370e+01  1.7503e+01 -2.8370e+01
 -6.0484e+00 -3.0955e+01  1.6306e+01 -3.0955e+01
 -7.5348e+00 -3.3330e+01  1.4120e+01 -3.3330e+01
 -9.5722e+00 -3.5359e+01  1.1031e+01 -3.5359e+01
 -1.2068e+01 -3.6925e+01  7.1750e+00 -3.6925e+01
 -1.4904e+01 -3.7936e+01  2.7266e+00 -3.7936e+01
 -1.7946e+01 -3.8327e+01 -2.1073e+00 -3.8327e+01
 -2.1047e+01 -3.8067e+01 -7.0996e+00 -3.8067e+01
 -2.4058e+01 -3.7160e+01 -1.2015e+01 -3.7160e+01
 -2.6833e+01 -3.5643e+01 -1.6622e+01 -3.5643e+01
 -2.9242e+01 -3.3585e+01 -2.0705e+01 -3.3585e+01
 -3.1169e+01 -3.1084e+01 -2.4076e+01 -3.1084e+01
 -3.2527e+01 -2.8260e+01 -2.6587e+01 -2.8260e+01
 -3.3259e+01 -2.5252e+01 -2.8131e+01 -2.5252e+01
 -3.3339e+01 -2.2207e+01 -2.8656e+01 -2.2207e+01
 -3.2776e+01 -1.9274e+01 -2.8162e+01 -1.9274e+01
 -3.1614e+01 -1.6596e+01 -2.6703e+01 -1.6596e+01
 -2.9926e+01 -1.4303e+01 -2.4383e+01 -1.4303e+01
 -2.7816e+01 -1.2504e+01 -2.1352e+01 -1.2504e+01
 -2.5408e+01 -1.1282e+01 -1.7800e+01 -1.1282e+01
 -2.2842e+01 -1.0689e+01 -1.3940e+01 -1.0689e+01
 -2.0265e+01 -1.0743e+01 -1.0005e+01 -1.0743e+01
 -1.7828e+01 -1.1431e+01 -6.2286e+00 -1.1431e+01
 -1.5670e+01 -1.2702e+01 -2.8392e+00 -1.2702e+01
 -1.3919e+01 -1.4476e+01 -4.2486e-02 -1.4476e+01
 -1.2679e+01 -1.6647e+01  1.9864e+00 -1.6647e+01
 -1.2027e+01 -1.9088e+01  3.1133e+00 -1.9088e+01
 -1.2010e+01 -2.1655e+01  3.2515e+00 -2.1655e+01
 -1.2641e+01 -2.4201e+01  2.3668e+00 -2.4201e+01
 -1.3897e+01 -2.6576e+01  4.7904e-01 -2.6576e+01
 -1.5725e+01 -2.8643e+01 -2.3389e+00 -2.8643e+01
 -1.8038e+01 -3.0278e+01 -5.9649e+00 -3.0278e+01
 -2.0727e+01 -3.1382e+01 -1.0234e+01 -3.1382e+01
 -2.3659e+01 -3.1881e+01 -1.4947e+01 -3.1881e+01
 -2.6691e+01 -3.1736e+01 -1.9882e+01 -3.1736e+01
 -2.9674e+01 -3.0939e+01 -2.4803e+01 -3.0939e+01
 -3.2461e+01 -2.9520e+01 -2.9479e+01 -2.9520e+01
 -3.4914e+01 -2.7538e+01 -3.3686e+01 -2.7538e+01
 -3.6916e+01 -2.5084e+01 -3.7230e+01 -2.5084e+01
 -3.8369e+01 -2.2272e+01 -3.9948e+01 -2.2272e+01
 -3.9208e+01 -1.9237e+01 -4.1723e+01 -1.9237e+01
 -3.9398e+01 -1.6124e+01 -4.2487e+01 -1.6124e+01
 -3.8939e+01 -1.3082e+01 -4.2225e+01 -1.3082e+01
 -3.7864e+01 -1.0258e+01 -4.0975e+01 -1.0258e+01
 -3.6240e+01 -7.7848e+00 -3.8830e+01 -7.7848e+00
 -3.4162e+01 -5.7785e+00 -3.5926e+01 -5.7785e+00
 -3.1748e+01 -4.3295e+00 -3.2444e+01 -4.3295e+00
 -2.9135e+01 -3.4991e+00 -2.8590e+01 -3.4991e+00
 -2.6470e+01 -3.3156e+00 -2.4594e+01 -3.3156e+00
 -2.3903e+01 -3.7731e+00 -2.0691e+01 -3.7731e+00
 -2.1576e+01 -4.8318e+00 -1.7111e+01 -4.8318e+00
 -1.9622e+01 -6.4201e+00 -1.4068e+01 -6.4201e+00
 -1.8151e+01 -8.4382e+00 -1.1745e+01 -8.4382e+00
 -1.7250e+01 -1.0764e+01 -1.0291e+01 -1.0764e+01
 -1.6974e+01 -1.3258e+01 -9.8044e+00 -1.3258e+01
 -1.7344e+01 -1.5772e+01 -1.0335e+01 -1.5772e+01
 -1.8349e+01 -1.8158e+01 -1.1879e+01 -1.8158e+01
 -1.9943e+01 -2.0274e+01 -1.4377e+01 -2.0274e+01
 -2.2050e+01 -2.1991e+01 -1.7720e+01 -2.1991e+01
 -2.4563e+01 -2.3203e+01 -2.1754e+01 -2.3203e+01
 -2.7358e+01 -2.3828e+01 -2.6290e+01 -2.3828e+01
 -3.0294e+01 -2.3817e+01 -3.1109e+01 -2.3817e+01
 -3.3222e+01 -2.3155e+01 -3.5980e+01 -2.3155e+01
 -3.5993e+01 -2.1860e+01 -4.0667e+01 -2.1860e+01
 -3.8467e+01 -1.9983e+01 -4.4945e+01 -1.9983e+01
 -4.0520e+01 -1.7606e+01 -4.8609e+01 -1.7606e+01
 -4.2048e+01 -1.4839e+01 -5.1488e+01 -1.4839e+01
 -4.2977e+01 -1.1810e+01 -5.3450e+01 -1.1810e+01
 -4.3263e+01 -8.6632e+00 -5.4414e+01 -8.6632e+00
 -4.2895e+01 -5.5470e+00 -5.4348e+01 -5.5470e+00
 -4.1899e+01 -2.6092e+00 -5.3278e+01 -2.6092e+00
 -4.0332e+01  1.2147e-02 -5.1280e+01  1.2147e-02
 -3.8281e+01  2.1958e+00 -4.8481e+01  2.1958e+00
 -3.5859e+01  3.8437e+00 -4.5047e+01  3.8437e+00
 -3.3198e+01  4.8860e+00 -4.1181e+01  4.8860e+00
 -3.0443e+01  5.2850e+00 -3.7106e+01  5.2850e+00
 -2.7744e+01  5.0368e+00 -3.3057e+01  5.0368e+00
 -2.5246e+01  4.1722e+00 -2.9267e+01  4.1722e+00
 -2.3085e+01  2.7541e+00 -2.5955e+01  2.7541e+00
 -2.1379e+01  8.7483e-01 -2.3316e+01  8.7483e-01
 -2.0221e+01 -1.3487e+00 -2.1506e+01 -1.3487e+00
 -1.9675e+01 -3.7816e+00 -2.0640e+01 -3.7816e+00
 -1.9774e+01 -6.2779e+00 -2.0782e+01 -6.2779e+00
 -2.0513e+01 -8.6879e+00 -2.1942e+01 -8.6879e+00
 -2.1857e+01 -1.0867e+01 -2.4077e+01 -1.0867e+01
 -2.3737e+01 -1.2682e+01 -2.7090e+01 -1.2682e+01
 -2.6056e+01 -1.4020e+01 -3.0842e+01 -1.4020e+01
 -2.8694e+01 -1.4792e+01 -3.5149e+01 -1.4792e+01
 -3.1512e+01 -1.4940e+01 -3.9801e+01 -1.4940e+01
 -3.4363e+01 -1.4439e+01 -4.4570e+01 -1.4439e+01
 -3.7098e+01 -1.3296e+01 -4.9219e+01 -1.3296e+01
 -3.9575e+01 -1.1555e+01 -5.3519e+01 -1.1555e+01
 -4.1662e+01 -9.2899e+00 -5.7258e+01 -9.2899e+00
 -4.3251e+01 -6.6025e+00 -6.0255e+01 -6.6025e+00
 -4.4258e+01 -3.6170e+00 -6.2367e+01 -3.6170e+00
 -4.4631e+01 -4.7325e-01 -6.3496e+01 -4.7325e-01
 -4.4350e+01  2.6804e+00 -6.3598e+01  2.6804e+00
 -4.3430e+01  5.6952e+00 -6.2683e+01  5.6952e+00
 -4.1919e+01  8.4297e+00 -6.0812e+01  8.4297e+00
 -3.9898e+01  1.0757e+01 -5.8099e+01  1.0757e+01
 -3.7471e+01  1.2573e+01 -5.4701e+01  1.2573e+01
 -3.4767e+01  1.3798e+01 -5.0810e+01  1.3798e+01
 -3.1928e+01  1.4386e+01 -4.6645e+01  1.4386e+01
 -2.9103e+01  1.4324e+01 -4.2440e+01  1.4324e+01
 -2.6439e+01  1.3632e+01 -3.8428e+01  1.3632e+01
 -2.4076e+01  1.2365e+01 -3.4835e+01  1.2365e+01
 -2.2137e+01  1.0608e+01 -3.1862e+01  1.0608e+01
 -2.0723e+01  8.4702e+00 -2.9679e+01  8.4702e+00
 -1.9906e+01  6.0833e+00 -2.8411e+01  6.0833e+00
 -1.9728e+01  3.5908e+00 -2.8138e+01  3.5908e+00
 -2.0195e+01  1.1419e+00 -2.8885e+01  1.1419e+00
 -2.1280e+01 -1.1165e+00 -3.0623e+01 -1.1165e+00
 -2.2924e+01 -3.0474e+00 -3.3271e+01 -3.0474e+00
 -2.5036e+01 -4.5314e+00 -3.6699e+01 -4.5314e+00
 -2.7502e+01 -5.4725e+00 -4.0737e+01 -5.4725e+00
 -3.0188e+01 -5.8035e+00 -4.5180e+01 -5.8035e+00
 -3.2950e+01 -5.4895e+00 -4.9804e+01 -5.4895e+00
 -3.5637e+01 -4.5297e+00 -5.4372e+01 -4.5297e+00
 -3.8103e+01 -2.9574e+00 -5.8654e+01 -2.9574e+00
 -4.0216e+01 -8.3833e-01 -6.2431e+01 -8.3833e-01
 -4.1858e+01  1.7329e+00 -6.5512e+01  1.7329e+00
 -4.2939e+01  4.6378e+00 -6.7743e+01  4.6378e+00
 -4.3397e+01  7.7400e+00 -6.9012e+01  7.7400e+00
 -4.3203e+01  1.0893e+01 -6.9261e+01  1.0893e+01
 -4.2363e+01  1.3947e+01 -6.8484e+01  1.3947e+01
 -4.0915e+01  1.6758e+01 -6.6728e+01  1.6758e+01
 -3.8932e+01  1.9195e+01 -6.4094e+01  1.9195e+01
 -3.6512e+01  2.1145e+01 -6.0725e+01  2.1145e+01
 -3.3778e+01  2.2523e+01 -5.6807e+01  2.2523e+01
 -3.0868e+01  2.3273e+01 -5.2551e+01  2.3273e+01
 -2.7930e+01  2.3371e+01 -4.8189e+01  2.3371e+01
 -2.5113e+01  2.2830e+01 -4.3955e+01  2.2830e+01
 -2.2560e+01  2.1694e+01 -4.0078e+01  2.1694e+01
 -2.0399e+01  2.0041e+01 -3.6767e+01  2.0041e+01
 -1.8737e+01  1.7973e+01 -3.4203e+01  1.7973e+01
 -1.7655e+01  1.5617e+01 -3.2523e+01  1.5617e+01
 -1.7205e+01  1.3113e+01 -3.1820e+01  1.3113e+01
 -1.7401e+01  1.0611e+01 -3.2135e+01  1.0611e+01
 -1.8227e+01  8.2573e+00 -3.3454e+01  8.2573e+00
 -1.9631e+01  6.1937e+00 -3.5711e+01  6.1937e+00
 -2.1532e+01  4.5449e+00 -3.8788e+01  4.5449e+00
 -2.3821e+01  3.4140e+00 -4.2525e+01  3.4140e+00
 -2.6370e+01  2.8765e+00 -4.6728e+01  2.8765e+00
 -2.9035e+01  2.9768e+00 -5.1174e+01  2.9768e+00
 -3.1668e+01  3.7251e+00 -5.5632e+01  3.7251e+00
 -3.4121e+01  5.0977e+00 -5.9865e+01  5.0977e+00
 -3.6255e+01  7.0375e+00 -6.3653e+01  7.0375e+00
 -3.7950e+01  9.4575e+00 -6.6794e+01  9.4575e+00
 -3.9106e+01  1.2245e+01 -6.9123e+01  1.2245e+01
 -3.9654e+01  1.5269e+01 -7.0517e+01  1.5269e+01
 -3.9555e+01  1.8384e+01 -7.0902e+01  1.8384e+01
 -3.8806e+01  2.1441e+01 -7.0256e+01  2.1441e+01
 -3.7435e+01  2.4292e+01 -6.8613e+01  2.4292e+01
 -3.5506e+01  2.6804e+01 -6.6059e+01  2.6804e+01
 -3.3111e+01  2.8857e+01 -6.2725e+01  2.8857e+01
 -3.0365e+01  3.0358e+01 -5.8787e+01  3.0358e+01
 -2.7405e+01  3.1242e+01 -5.4451e+01  3.1242e+01
 -2.4375e+01  3.1478e+01 -4.9942e+01  3.1478e+01
 -2.1426e+01  3.1065e+01 -4.5496e+01  3.1065e+01
 -1.8702e+01  3.0042e+01 -4.1345e+01  3.0042e+01
 -1.6337e+01  2.8476e+01 -3.7705e+01  2.8476e+01
 -1.4444e+01  2.6463e+01 -3.4763e+01  2.6463e+01
 -1.3112e+01  2.4124e+01 -3.2673e+01  2.4124e+01
 -1.2401e+01  2.1597e+01 -3.1538e+01  2.1597e+01
 -1.2336e+01  1.9028e+01 -3.1416e+01  1.9028e+01
 -1.2910e+01  1.6566e+01 -3.2307e+01  1.6566e+01
 -1.4080e+01  1.4356e+01 -3.4160e+01  1.4356e+01
 -1.5773e+01  1.2526e+01 -3.6870e+01  1.2526e+01
 -1.7887e+01  1.1188e+01 -4.0289e+01  1.1188e+01
 -2.0299e+01  1.0423e+01 -4.4231e+01  1.0423e+01
 -2.2869e+01  1.0287e+01 -4.8480e+01  1.0287e+01
 -2.5449e+01  1.0799e+01 -5.2806e+01  1.0799e+01
 -2.7890e+01  1.1944e+01 -5.6974e+01  1.1944e+01
 -3.0050e+01  1.3675e+01 -6.0755e+01  1.3675e+01
 -3.1803e+01  1.5912e+01 -6.3943e+01  1.5912e+01
 -3.3044e+01  1.8549e+01 -6.6362e+01  1.8549e+01
 -3.3692e+01  2.1460e+01 -6.7875e+01  2.1460e+01
 -3.3703e+01  2.4503e+01 -6.8395e+01  2.4503e+01
 -3.3060e+01  2.7528e+01 -6.7885e+01  2.7528e+01
 -3.1786e+01  3.0388e+01 -6.6364e+01  3.0388e+01
 -2.9933e+01  3.2943e+01 -6.3902e+01  3.2943e+01
 -2.7586e+01  3.5070e+01 -6.0621e+01  3.5070e+01
 -2.4855e+01  3.6667e+01 -5.6683e+01  3.6667e+01
 -2.1871e+01  3.7662e+01 -5.2287e+01  3.7662e+01
 -1.8778e+01  3.8012e+01 -4.7654e+01  3.8012e+01
 -1.5723e+01  3.7711e+01 -4.3019e+01  3.7711e+01
 -1.2855e+01  3.6784e+01 -3.8616e+01  3.6784e+01
 -1.0311e+01  3.5292e+01 -3.4666e+01  3.5292e+01
 -8.2109e+00  3.3323e+01 -3.1366e+01  3.3323e+01
 -6.6506e+00  3.0991e+01 -2.8879e+01  3.0991e+01
 -5.6982e+00  2.8431e+01 -2.7325e+01  2.8431e+01
 -5.3891e+00  2.5787e+01 -2.6773e+01  2.5787e+01
 -5.7249e+00  2.3208e+01 -2.7239e+01  2.3208e+01
 -6.6728e+00  2.0841e+01 -2.8688e+01  2.0841e+01
 -8.1678e+00  1.8819e+01 -3.1028e+01  1.8819e+01
 -1.0116e+01  1.7260e+01 -3.4124e+01  1.7260e+01
 -1.2398e+01  1.6254e+01 -3.7798e+01  1.6254e+01
 -1.4880e+01  1.5864e+01 -4.1842e+01  1.5864e+01
 -1.7414e+01  1.6119e+01 -4.6028e+01  1.6119e+01
 -1.9851e+01  1.7014e+01 -5.0122e+01  1.7014e+01
 -2.2046e+01  1.8510e+01 -5.3893e+01  1.8510e+01
 -2.3869e+01  2.0538e+01 -5.7126e+01  2.0538e+01
 -2.5206e+01  2.2997e+01 -5.9635e+01  2.2997e+01
 -2.5972e+01  2.5767e+01 -6.1274e+01  2.5767e+01
 -2.6110e+01  2.8708e+01 -6.1939e+01  2.8708e+01
 -2.5596e+01  3.1673e+01 -6.1580e+01  3.1673e+01
 -2.4442e+01  3.4512e+01 -6.0199e+01  3.4512e+01
 -2.2693e+01  3.7084e+01 -5.7854e+01  3.7084e+01
 -2.0424e+01  3.9260e+01 -5.4652e+01  3.9260e+01
 -1.7739e+01  4.0931e+01 -5.0744e+01  4.0931e+01
 -1.4763e+01  4.2016e+01 -4.6321e+01  4.2016e+01
 -1.1638e+01  4.2465e+01 -4.1599e+01  4.2465e+01
 -8.5113e+00  4.2260e+01 -3.6809e+01  4.2260e+01
 -5.5317e+00  4.1419e+01 -3.2188e+01  4.1419e+01
 -2.8399e+00  3.9992e+01 -2.7960e+01  3.9992e+01
 -5.6138e-01  3.8060e+01 -2.4332e+01  3.8060e+01
  1.2004e+00  3.5731e+01 -2.1477e+01  3.5731e+01
  2.3692e+00  3.3134e+01 -1.9526e+01  3.3134e+01
  2.9003e+00  3.0412e+01 -1.8564e+01  3.0412e+01
  2.7826e+00  2.7713e+01 -1.8622e+01  2.7713e+01
  2.0394e+00  2.5185e+01 -1.9679e+01  2.5185e+01
  7.2695e-01  2.2967e+01 -2.1659e+01  2.2967e+01
 -1.0682e+00  2.1181e+01 -2.4437e+01  2.1181e+01
 -3.2340e+00  1.9924e+01 -2.7848e+01  1.9924e+01
 -5.6389e+00  1.9269e+01 -3.1690e+01  1.9269e+01
 -8.1385e+00  1.9254e+01 -3.5740e+01  1.9254e+01
 -1.0584e+01  1.9883e+01 -3.9765e+01  1.9883e+01
 -1.2827e+01  2.1128e+01 -4.3530e+01  2.1128e+01
 -1.4734e+01  2.2926e+01 -4.6815e+01  2.2926e+01
 -1.6186e+01  2.5185e+01 -4.9427e+01  2.5185e+01
 -1.7088e+01  2.7791e+01 -5.1206e+01  2.7791e+01
 -1.7376e+01  3.0607e+01 -5.2036e+01  3.0607e+01
 -1.7016e+01  3.3489e+01 -5.1852e+01  3.3489e+01
 -1.6010e+01  3.6286e+01 -5.0641e+01  3.6286e+01
 -1.4395e+01  3.8854e+01 -4.8445e+01  3.8854e+01
 -1.2236e+01  4.1059e+01 -4.5359e+01  4.1059e+01
 -9.6313e+00  4.2788e+01 -4.1522e+01  4.2788e+01
 -6.7001e+00  4.3950e+01 -3.7115e+01  4.3950e+01
 -3.5797e+00  4.4486e+01 -3.2348e+01  4.4486e+01
 -4.1707e-01  4.4370e+01 -2.7448e+01  4.4370e+01
  2.6384e+00  4.3609e+01 -2.2653e+01  4.3609e+01
  5.4430e+00  4.2244e+01 -1.8192e+01  4.2244e+01
  7.8664e+00  4.0349e+01 -1.4276e+01  4.0349e+01
  9.7985e+00  3.8024e+01 -1.1090e+01  3.8024e+01
  1.1155e+01  3.5394e+01 -8.7774e+00  3.5394e+01
  1.1882e+01  3.2597e+01 -7.4365e+00  3.2597e+01
  1.1958e+01  2.9782e+01 -7.1141e+00  2.9782e+01
  1.1398e+01  2.7098e+01 -7.8028e+00  2.7098e+01
  1.0250e+01  2.4685e+01 -9.4417e+00  2.4685e+01
  8.5902e+00  2.2672e+01 -1.1920e+01  2.2672e+01
  6.5257e+00  2.1165e+01 -1.5081e+01  2.1165e+01
  4.1828e+00  2.0241e+01 -1.8735e+01  2.0241e+01
  1.7031e+00  1.9950e+01 -2.2661e+01  1.9950e+01
 -7.6464e-01  2.0306e+01 -2.6629e+01  2.0306e+01
 -3.0724e+00  2.1288e+01 -3.0403e+01  2.1288e+01
 -5.0804e+00  2.2844e+01 -3.3758e+01  2.2844e+01
 -6.6650e+00  2.4890e+01 -3.6492e+01  2.4890e+01
 -7.7248e+00  2.7316e+01 -3.8434e+01  2.7316e+01
 -8.1860e+00  2.9992e+01 -3.9456e+01  2.9992e+01
 -8.0067e+00  3.2774e+01 -3.9479e+01  3.2774e+01
 -7.1787e+00  3.5514e+01 -3.8474e+01  3.5514e+01
 -5.7281e+00  3.8064e+01 -3.6469e+01  3.8064e+01
 -3.7140e+00  4.0287e+01 -3.3543e+01  4.0287e+01
 -1.2251e+00  4.2063e+01 -2.9825e+01  4.2063e+01
  1.6247e+00  4.3295e+01 -2.5484e+01  4.3295e+01
  4.7022e+00  4.3914e+01 -2.0724e+01  4.3914e+01
  7.8624e+00  4.3884e+01 -1.5768e+01  4.3884e+01
  1.0956e+01  4.3205e+01 -1.0852e+01  4.3205e+01
  1.3837e+01  4.1907e+01 -6.2081e+00  4.1907e+01
  1.6370e+01  4.0055e+01 -2.0552e+00  4.0055e+01
  1.8439e+01  3.7743e+01  1.4146e+00  3.7743e+01
  1.9952e+01  3.5090e+01  4.0453e+00  3.5090e+01
  2.0846e+01  3.2230e+01  5.7251e+00  3.2230e+01
  2.1091e+01  2.9310e+01  6.3928e+00  2.9310e+01
  2.0692e+01  2.6479e+01  6.0404e+00  2.6479e+01
  1.9686e+01  2.3883e+01  4.7140e+00  2.3883e+01
  1.8144e+01  2.1652e+01  2.5113e+00  2.1652e+01
  1.6164e+01  1.9900e+01 -4.2381e-01  1.9900e+01
  1.3868e+01  1.8714e+01 -3.9085e+00  1.8714e+01
  1.1393e+01  1.8149e+01 -7.7310e+00  1.8149e+01
  8.8875e+00  1.8232e+01 -1.1662e+01  1.8232e+01
  6.5002e+00  1.8950e+01 -1.5465e+01  1.8950e+01
  4.3741e+00  2.0260e+01 -1.8912e+01  2.0260e+01
  2.6378e+00  2.2086e+01 -2.1793e+01  2.2086e+01
  1.3998e+00  2.4325e+01 -2.3927e+01  2.4325e+01
  7.4174e-01  2.6852e+01 -2.5174e+01  2.6852e+01
  7.1489e-01  2.9528e+01 -2.5440e+01  2.9528e+01
  1.3370e+00  3.2202e+01 -2.4683e+01  3.2202e+01
  2.5913e+00  3.4728e+01 -2.2914e+01  3.4728e+01
  4.4279e+00  3.6963e+01 -2.0199e+01  3.6963e+01
  6.7658e+00  3.8783e+01 -1.6652e+01  3.8783e+01
  9.4974e+00  4.0083e+01 -1.2433e+01  4.0083e+01
  1.2495e+01  4.0788e+01 -7.7372e+00  4.0788e+01
  1.5615e+01  4.0850e+01 -2.7832e+00  4.0850e+01
  1.8709e+01  4.0260e+01  2.1953e+00  4.0260e+01
  2.1629e+01  3.9040e+01  6.9637e+00  3.9040e+01
