  2.0324e+01  6.4428e+00  2.4749e+00  2.4251e+01
  2.1277e+01  1.2543e+01  4.8013e+00  2.2043e+01
  2.2810e+01  1.7978e+01  6.8385e+00  1.8493e+01
  2.4841e+01  2.2457e+01  8.4612e+00  1.3788e+01
  2.7261e+01  2.5743e+01  9.5658e+00  8.1773e+00
  2.9943e+01  2.7659e+01  1.0076e+01  1.9571e+00
  3.2744e+01  2.8104e+01  9.9478e+00 -4.5440e+00
  3.5514e+01  2.7051e+01  9.1695e+00 -1.0983e+01
  3.8106e+01  2.4554e+01  7.7647e+00 -1.7018e+01
  4.0381e+01  2.0744e+01  5.7900e+00 -2.2332e+01
  4.2217e+01  1.5820e+01  3.3319e+00 -2.6643e+01
  4.3516e+01  1.0040e+01  5.0249e-01 -2.9724e+01
  4.4207e+01  3.7068e+00 -2.5663e+00 -3.1411e+01
  4.4250e+01 -2.8458e+00 -5.7301e+00 -3.1616e+01
  4.3642e+01 -9.2741e+00 -8.8394e+00 -3.0326e+01
  4.2411e+01 -1.5240e+01 -1.1748e+01 -2.7610e+01
  4.0620e+01 -2.0431e+01 -1.4319e+01 -2.3612e+01
  3.8360e+01 -2.4574e+01 -1.6434e+01 -1.8541e+01
  3.5747e+01 -2.7452e+01 -1.8000e+01 -1.2666e+01
  3.2917e+01 -2.8916e+01 -1.8951e+01 -6.2962e+00
  3.0014e+01 -2.8888e+01 -1.9254e+01  2.3213e-01
  2.7189e+01 -2.7374e+01 -1.8910e+01  6.5745e+00
  2.4586e+01 -2.4455e+01 -1.7956e+01  1.2396e+01
  2.2340e+01 -2.0286e+01 -1.6459e+01  1.7391e+01
  2.0563e+01 -1.5089e+01 -1.4515e+01  2.1294e+01
  1.9347e+01 -9.1420e+00 -1.2243e+01  2.3901e+01
  1.8750e+01 -2.7595e+00 -9.7823e+00  2.5074e+01
  1.8798e+01  3.7193e+00 -7.2786e+00  2.4752e+01
  1.9485e+01  9.9504e+00 -4.8814e+00  2.2952e+01
  2.0769e+01  1.5603e+01 -2.7345e+00  1.9770e+01
  2.2576e+01  2.0376e+01 -9.6812e-01  1.5374e+01
  2.4806e+01  2.4017e+01  3.0751e-01  9.9982e+00
  2.7335e+01  2.6331e+01  1.0082e+00  3.9259e+00
  3.0024e+01  2.7193e+01  1.0801e+00 -2.5212e+00
  3.2724e+01  2.6558e+01  5.0280e-01 -9.0019e+00
  3.5286e+01  2.4456e+01 -7.0993e-01 -1.5173e+01
  3.7570e+01  2.0998e+01 -2.5106e+00 -2.0709e+01
  3.9447e+01  1.6363e+01 -4.8206e+00 -2.5315e+01
  4.0811e+01  1.0795e+01 -7.5343e+00 -2.8748e+01
  4.1584e+01  4.5866e+00 -1.0525e+01 -3.0826e+01
  4.1718e+01 -1.9363e+00 -1.3651e+01 -3.1439e+01
  4.1198e+01 -8.4308e+00 -1.6762e+01 -3.0553e+01
  4.0044e+01 -1.4555e+01 -1.9712e+01 -2.8214e+01
  3.8310e+01 -1.9989e+01 -2.2361e+01 -2.4545e+01
  3.6079e+01 -2.4445e+01 -2.4583e+01 -1.9739e+01
  3.3461e+01 -2.7690e+01 -2.6279e+01 -1.4049e+01
  3.0587e+01 -2.9555e+01 -2.7374e+01 -7.7751e+00
  2.7600e+01 -2.9943e+01 -2.7825e+01 -1.2472e+00
  2.4648e+01 -2.8835e+01 -2.7626e+01  5.1905e+00
  2.1881e+01 -2.6291e+01 -2.6802e+01  1.1199e+01
  1.9434e+01 -2.2447e+01 -2.5411e+01  1.6462e+01
  1.7428e+01 -1.7508e+01 -2.3544e+01  2.0702e+01
  1.5960e+01 -1.1736e+01 -2.1313e+01  2.3696e+01
  1.5098e+01 -5.4372e+00 -1.8851e+01  2.5287e+01
  1.4879e+01  1.0534e+00 -1.6305e+01  2.5393e+01
  1.5304e+01  7.3917e+00 -1.3823e+01  2.4007e+01
  1.6341e+01  1.3241e+01 -1.1551e+01  2.1206e+01
  1.7926e+01  1.8292e+01 -9.6239e+00  1.7137e+01
  1.9964e+01  2.2275e+01 -8.1586e+00  1.2016e+01
  2.2338e+01  2.4979e+01 -7.2468e+00  6.1162e+00
  2.4912e+01  2.6259e+01 -6.9511e+00 -2.5122e-01
  2.7540e+01  2.6046e+01 -7.3014e+00 -6.7483e+00
  3.0071e+01  2.4350e+01 -8.2936e+00 -1.3031e+01
  3.2363e+01  2.1260e+01 -9.8893e+00 -1.8766e+01
  3.4282e+01  1.6936e+01 -1.2018e+01 -2.3649e+01
  3.5716e+01  1.1606e+01 -1.4582e+01 -2.7422e+01
  3.6579e+01  5.5498e+00 -1.7459e+01 -2.9884e+01
  3.6813e+01 -9.1404e-01 -2.0510e+01 -3.0903e+01
  3.6394e+01 -7.4455e+00 -2.3589e+01 -3.0425e+01
  3.5333e+01 -1.3701e+01 -2.6546e+01 -2.8473e+01
  3.3674e+01 -1.9352e+01 -2.9238e+01 -2.5151e+01
  3.1493e+01 -2.4100e+01 -3.1536e+01 -2.0630e+01
  2.8892e+01 -2.7698e+01 -3.3332e+01 -1.5151e+01
  2.5998e+01 -2.9955e+01 -3.4544e+01 -8.9992e+00
  2.2950e+01 -3.0754e+01 -3.5120e+01 -2.4998e+00
  1.9897e+01 -3.0054e+01 -3.5043e+01  4.0055e+00
  1.6988e+01 -2.7893e+01 -3.4330e+01  1.0175e+01
  1.4364e+01 -2.4388e+01 -3.3031e+01  1.5683e+01
  1.2150e+01 -1.9724e+01 -3.1225e+01  2.0240e+01
  1.0450e+01 -1.4148e+01 -2.9022e+01  2.3608e+01
  9.3406e+00 -7.9574e+00 -2.6550e+01  2.5610e+01
  8.8678e+00 -1.4794e+00 -2.3950e+01  2.6141e+01
  9.0428e+00  4.9422e+00 -2.1371e+01  2.5175e+01
  9.8430e+00  1.0967e+01 -1.8963e+01  2.2763e+01
  1.1212e+01  1.6276e+01 -1.6863e+01  1.9036e+01
  1.3065e+01  2.0587e+01 -1.5193e+01  1.4191e+01
  1.5289e+01  2.3672e+01 -1.4053e+01  8.4857e+00
  1.7753e+01  2.5366e+01 -1.3515e+01  2.2227e+00
  2.0312e+01  2.5579e+01 -1.3616e+01 -4.2656e+00
  2.2819e+01  2.4298e+01 -1.4364e+01 -1.0635e+01
  2.5124e+01  2.1591e+01 -1.5728e+01 -1.6548e+01
  2.7094e+01  1.7598e+01 -1.7648e+01 -2.1690e+01
  2.8608e+01  1.2529e+01 -2.0031e+01 -2.5788e+01
  2.9572e+01  6.6527e+00 -2.2763e+01 -2.8625e+01
  2.9922e+01  2.7658e-01 -2.5709e+01 -3.0048e+01
  2.9622e+01 -6.2630e+00 -2.8723e+01 -2.9982e+01
  2.8675e+01 -1.2622e+01 -3.1655e+01 -2.8428e+01
  2.7115e+01 -1.8465e+01 -3.4361e+01 -2.5466e+01
  2.5010e+01 -2.3484e+01 -3.6707e+01 -2.1252e+01
  2.2455e+01 -2.7416e+01 -3.8577e+01 -1.6007e+01
  1.9570e+01 -3.0054e+01 -3.9883e+01 -1.0005e+01
  1.6492e+01 -3.1259e+01 -4.0563e+01 -3.5630e+00
  1.3368e+01 -3.0968e+01 -4.0592e+01  2.9813e+00
  1.0348e+01 -2.9199e+01 -3.9975e+01  9.2834e+00
  7.5746e+00 -2.6044e+01 -3.8754e+01  1.5012e+01
  5.1796e+00 -2.1672e+01 -3.7002e+01  1.9867e+01
  3.2732e+00 -1.6315e+01 -3.4819e+01  2.3593e+01
  1.9401e+00 -1.0256e+01 -3.2328e+01  2.5995e+01
  1.2349e+00 -3.8153e+00 -2.9668e+01  2.6947e+01
  1.1785e+00  2.6650e+00 -2.6988e+01  2.6402e+01
  1.7577e+00  8.8422e+00 -2.4437e+01  2.4389e+01
  2.9258e+00  1.4389e+01 -2.2156e+01  2.1016e+01
  4.6047e+00  1.9013e+01 -2.0273e+01  1.6465e+01
  6.6892e+00  2.2467e+01 -1.8895e+01  1.0976e+01
  9.0529e+00  2.4570e+01 -1.8100e+01  4.8407e+00
  1.1554e+01  2.5209e+01 -1.7937e+01 -1.6142e+00
  1.4045e+01  2.4350e+01 -1.8422e+01 -8.0464e+00
  1.6376e+01  2.2038e+01 -1.9534e+01 -1.4114e+01
  1.8408e+01  1.8394e+01 -2.1222e+01 -1.9496e+01
  2.0016e+01  1.3610e+01 -2.3401e+01 -2.3905e+01
  2.1100e+01  7.9381e+00 -2.5962e+01 -2.7107e+01
  2.1584e+01  1.6774e+00 -2.8776e+01 -2.8931e+01
  2.1427e+01 -4.8419e+00 -3.1699e+01 -2.9279e+01
  2.0619e+01 -1.1276e+01 -3.4582e+01 -2.8131e+01
  1.9186e+01 -1.7286e+01 -3.7277e+01 -2.5545e+01
  1.7186e+01 -2.2554e+01 -3.9647e+01 -2.1657e+01
  1.4709e+01 -2.6804e+01 -4.1572e+01 -1.6670e+01
  1.1867e+01 -2.9810e+01 -4.2953e+01 -1.0845e+01
  8.7937e+00 -3.1414e+01 -4.3723e+01 -4.4890e+00
  5.6339e+00 -3.1533e+01 -4.3845e+01  2.0648e+00
  2.5370e+00 -3.0160e+01 -4.3315e+01  8.4719e+00
 -3.5064e-01 -2.7369e+01 -4.2166e+01  1.4396e+01
 -2.8941e+00 -2.3306e+01 -4.0462e+01  1.9525e+01
 -4.9764e+00 -1.8187e+01 -3.8297e+01  2.3591e+01
 -6.5052e+00 -1.2283e+01 -3.5787e+01  2.6380e+01
 -7.4172e+00 -5.9060e+00 -3.3068e+01  2.7748e+01
 -7.6818e+00  6.0724e-01 -3.0287e+01  2.7623e+01
 -7.3027e+00  6.9123e+00 -2.7593e+01  2.6015e+01
 -6.3175e+00  1.2676e+01 -2.5131e+01  2.3009e+01
 -4.7959e+00  1.7593e+01 -2.3033e+01  1.8767e+01
 -2.8359e+00  2.1404e+01 -2.1412e+01  1.3514e+01
 -5.5876e-01  2.3908e+01 -2.0355e+01  7.5299e+00
  1.8975e+00  2.4972e+01 -1.9920e+01  1.1326e+00
  4.3855e+00  2.4539e+01 -2.0131e+01 -5.3383e+00
  6.7560e+00  2.2633e+01 -2.0978e+01 -1.1539e+01
  8.8660e+00  1.9353e+01 -2.2419e+01 -1.7141e+01
  1.0586e+01  1.4874e+01 -2.4376e+01 -2.1845e+01
  1.1809e+01  9.4315e+00 -2.6749e+01 -2.5402e+01
  1.2450e+01  3.3128e+00 -2.9412e+01 -2.7621e+01
  1.2459e+01 -3.1586e+00 -3.2225e+01 -2.8385e+01
  1.1818e+01 -9.6412e+00 -3.5039e+01 -2.7649e+01
  1.0542e+01 -1.5792e+01 -3.7706e+01 -2.5453e+01
  8.6815e+00 -2.1287e+01 -4.0084e+01 -2.1909e+01
  6.3164e+00 -2.5836e+01 -4.2048e+01 -1.7203e+01
  3.5541e+00 -2.9197e+01 -4.3494e+01 -1.1582e+01
  5.2267e-01 -3.1194e+01 -4.4344e+01 -5.3404e+00
 -2.6355e+00 -3.1721e+01 -4.4552e+01  1.1935e+00
 -5.7714e+00 -3.0750e+01 -4.4107e+01  7.6765e+00
 -8.7370e+00 -2.8332e+01 -4.3030e+01  1.3768e+01
 -1.1394e+01 -2.4595e+01 -4.1377e+01  1.9148e+01
 -1.3618e+01 -1.9736e+01 -3.9234e+01  2.3535e+01
 -1.5312e+01 -1.4011e+01 -3.6711e+01  2.6698e+01
 -1.6402e+01 -7.7225e+00 -3.3941e+01  2.8472e+01
 -1.6848e+01 -1.2027e+00 -3.1066e+01  2.8766e+01
 -1.6646e+01  5.2045e+00 -2.8237e+01  2.7566e+01
 -1.5823e+01  1.1161e+01 -2.5601e+01  2.4936e+01
 -1.4439e+01  1.6352e+01 -2.3293e+01  2.1019e+01
 -1.2587e+01  2.0505e+01 -2.1433e+01  1.6021e+01
 -1.0381e+01  2.3399e+01 -2.0116e+01  1.0210e+01
 -7.9543e+00  2.4883e+01 -1.9408e+01  3.8942e+00
 -5.4537e+00  2.4879e+01 -1.9343e+01 -2.5914e+00
 -3.0284e+00  2.3386e+01 -1.9921e+01 -8.9022e+00
 -8.2363e-01  2.0485e+01 -2.1106e+01 -1.4703e+01
  1.0267e+00  1.6329e+01 -2.2834e+01 -1.9686e+01
  2.4076e+00  1.1138e+01 -2.5007e+01 -2.3585e+01
  3.2289e+00  5.1871e+00 -2.7508e+01 -2.6194e+01
  3.4301e+00 -1.2099e+00 -3.0198e+01 -2.7372e+01
  2.9833e+00 -7.7139e+00 -3.2932e+01 -2.7056e+01
  1.8952e+00 -1.3981e+01 -3.5560e+01 -2.5260e+01
  2.0609e-01 -1.9680e+01 -3.7938e+01 -2.2077e+01
 -2.0117e+00 -2.4509e+01 -3.9934e+01 -1.7675e+01
 -4.6580e+00 -2.8212e+01 -4.1439e+01 -1.2283e+01
 -7.6098e+00 -3.0593e+01 -4.2367e+01 -6.1843e+00
 -1.0728e+01 -3.1526e+01 -4.2663e+01  2.9998e-01
 -1.3865e+01 -3.0961e+01 -4.2306e+01  6.8295e+00
 -1.6871e+01 -2.8927e+01 -4.1307e+01  1.3061e+01
 -1.9605e+01 -2.5531e+01 -3.9714e+01  1.8668e+01
 -2.1938e+01 -2.0952e+01 -3.7605e+01  2.3354e+01
 -2.3763e+01 -1.5430e+01 -3.5083e+01  2.6875e+01
 -2.5002e+01 -9.2567e+00 -3.2275e+01  2.9047e+01
 -2.5604e+01 -2.7576e+00 -2.9322e+01  2.9755e+01
 -2.5554e+01  3.7250e+00 -2.6374e+01  2.8965e+01
 -2.4871e+01  9.8494e+00 -2.3578e+01  2.6720e+01
 -2.3607e+01  1.5293e+01 -2.1075e+01  2.3140e+01
 -2.1845e+01  1.9769e+01 -1.8988e+01  1.8416e+01
 -1.9693e+01  2.3042e+01 -1.7421e+01  1.2800e+01
 -1.7282e+01  2.4940e+01 -1.6448e+01  6.5884e+00
 -1.4755e+01  2.5363e+01 -1.6112e+01  1.1220e-01
 -1.2260e+01  2.4290e+01 -1.6423e+01 -6.2851e+00
 -9.9448e+00  2.1779e+01 -1.7355e+01 -1.2264e+01
 -7.9477e+00  1.7962e+01 -1.8851e+01 -1.7507e+01
 -6.3893e+00  1.3044e+01 -2.0823e+01 -2.1736e+01
 -5.3672e+00  7.2835e+00 -2.3157e+01 -2.4725e+01
 -4.9506e+00  9.8676e-01 -2.5721e+01 -2.6316e+01
 -5.1766e+00 -5.5128e+00 -2.8370e+01 -2.6422e+01
 -6.0484e+00 -1.1871e+01 -3.0955e+01 -2.5037e+01
 -7.5348e+00 -1.7751e+01 -3.3330e+01 -2.2231e+01
 -9.5722e+00 -2.2841e+01 -3.5359e+01 -1.8153e+01
 -1.2068e+01 -2.6871e+01 -3.6925e+01 -1.3015e+01
 -1.4904e+01 -2.9628e+01 -3.7936e+01 -7.0870e+00
 -1.7946e+01 -3.0964e+01 -3.8327e+01 -6.8143e-01
 -2.1047e+01 -3.0808e+01 -3.8067e+01  5.8653e+00
 -2.4058e+01 -2.9168e+01 -3.7160e+01  1.2209e+01
 -2.6833e+01 -2.6128e+01 -3.5643e+01  1.8016e+01
 -2.9242e+01 -2.1848e+01 -3.3585e+01  2.2981e+01
 -3.1169e+01 -1.6553e+01 -3.1084e+01  2.6843e+01
 -3.2527e+01 -1.0521e+01 -2.8260e+01  2.9400e+01
 -3.3259e+01 -4.0707e+00 -2.5252e+01  3.0518e+01
 -3.3339e+01  2.4594e+00 -2.2207e+01  3.0139e+01
 -3.2776e+01  8.7255e+00 -1.9274e+01  2.8285e+01
 -3.1614e+01  1.4398e+01 -1.6596e+01  2.5056e+01
 -2.9926e+01  1.9178e+01 -1.4303e+01  2.0622e+01
 -2.7816e+01  2.2814e+01 -1.2504e+01  1.5221e+01
 -2.5408e+01  2.5117e+01 -1.1282e+01  9.1372e+00
 -2.2842e+01  2.5964e+01 -1.0689e+01  2.6948e+00
 -2.0265e+01  2.5314e+01 -1.0743e+01 -3.7649e+00
 -1.7828e+01  2.3201e+01 -1.1431e+01 -9.8994e+00
 -1.5670e+01  1.9739e+01 -1.2702e+01 -1.5384e+01
 -1.3919e+01  1.5112e+01 -1.4476e+01 -1.9926e+01
 -1.2679e+01  9.5652e+00 -1.6647e+01 -2.3286e+01
 -1.2027e+01  3.3933e+00 -1.9088e+01 -2.5285e+01
 -1.2010e+01 -3.0764e+00 -2.1655e+01 -2.5816e+01
 -1.2641e+01 -9.5007e+00 -2.4201e+01 -2.4849e+01
 -1.3897e+01 -1.5539e+01 -2.6576e+01 -2.2434e+01
 -1.5725e+01 -2.0871e+01 -2.8643e+01 -1.8699e+01
 -1.8038e+01 -2.5213e+01 -3.0278e+01 -1.3838e+01
 -2.0727e+01 -2.8335e+01 -3.1382e+01 -8.1076e+00
 -2.3659e+01 -3.0071e+01 -3.1881e+01 -1.8093e+00
 -2.6691e+01 -3.0326e+01 -3.1736e+01  4.7255e+00
 -2.9674e+01 -2.9087e+01 -3.0939e+01  1.1153e+01
 -3.2461e+01 -2.6417e+01 -2.9520e+01  1.7134e+01
 -3.4914e+01 -2.2456e+01 -2.7538e+01  2.2355e+01
 -3.6916e+01 -1.7412e+01 -2.5084e+01  2.6540e+01
 -3.8369e+01 -1.1548e+01 -2.2272e+01  2.9470e+01
 -3.9208e+01 -5.1747e+00 -1.9237e+01  3.0990e+01
 -3.9398e+01  1.3744e+00 -1.6124e+01  3.1023e+01
 -3.8939e+01  7.7545e+00 -1.3082e+01  2.9566e+01
 -3.7864e+01  1.3630e+01 -1.0258e+01  2.6698e+01
 -3.6240e+01  1.8693e+01 -7.7848e+00  2.2571e+01
 -3.4162e+01  2.2676e+01 -5.7785e+00  1.7405e+01
 -3.1748e+01  2.5372e+01 -4.3295e+00  1.1473e+01
 -2.9135e+01  2.6639e+01 -3.4991e+00  5.0888e+00
 -2.6470e+01  2.6412e+01 -3.3156e+00 -1.4085e+00
 -2.3903e+01  2.4705e+01 -3.7731e+00 -7.6754e+00
 -2.1576e+01  2.1609e+01 -4.8318e+00 -1.3380e+01
 -1.9622e+01  1.7290e+01 -6.4201e+00 -1.8220e+01
 -1.8151e+01  1.1978e+01 -8.4382e+00 -2.1938e+01
 -1.7250e+01  5.9541e+00 -1.0764e+01 -2.4339e+01
 -1.6974e+01 -4.6104e-01 -1.3258e+01 -2.5293e+01
 -1.7344e+01 -6.9271e+00 -1.5772e+01 -2.4750e+01
 -1.8349e+01 -1.3101e+01 -1.8158e+01 -2.2738e+01
 -1.9943e+01 -1.8655e+01 -2.0274e+01 -1.9363e+01
 -2.2050e+01 -2.3293e+01 -2.1991e+01 -1.4801e+01
 -2.4563e+01 -2.6770e+01 -2.3203e+01 -9.2932e+00
 -2.7358e+01 -2.8899e+01 -2.3828e+01 -3.1297e+00
 -3.0294e+01 -2.9567e+01 -2.3817e+01  3.3647e+00
 -3.3222e+01 -2.8737e+01 -2.3155e+01  9.8475e+00
 -3.5993e+01 -2.6451e+01 -2.1860e+01  1.5977e+01
 -3.8467e+01 -2.2827e+01 -1.9983e+01  2.1430e+01
 -4.0520e+01 -1.8055e+01 -1.7606e+01  2.5920e+01
 -4.2048e+01 -1.2387e+01 -1.4839e+01  2.9209e+01
 -4.2977e+01 -6.1181e+00 -1.1810e+01  3.1125e+01
 -4.3263e+01  4.2073e-01 -8.6632e+00  3.1566e+01
 -4.2895e+01  6.8863e+00 -5.5470e+00  3.0511e+01
 -4.1899e+01  1.2939e+01 -2.6092e+00  2.8015e+01
 -4.0332e+01  1.8261e+01  1.2147e-02  2.4211e+01
 -3.8281e+01  2.2572e+01  2.1958e+00  1.9300e+01
 -3.5859e+01  2.5648e+01  3.8437e+00  1.3542e+01
 -3.3198e+01  2.7327e+01  4.8860e+00  7.2413e+00
 -3.0443e+01  2.7522e+01  5.2850e+00  7.3175e-01
 -2.7744e+01  2.6225e+01  5.0368e+00 -5.6428e+00
 -2.5246e+01  2.3506e+01  4.1722e+00 -1.1545e+01
 -2.3085e+01  1.9511e+01  2.7541e+00 -1.6663e+01
 -2.1379e+01  1.4453e+01  8.7483e-01 -2.0726e+01
 -2.0221e+01  8.5996e+00 -1.3487e+00 -2.3520e+01
 -1.9675e+01  2.2630e+00 -3.7816e+00 -2.4895e+01
 -1.9774e+01 -4.2205e+00 -6.2779e+00 -2.4780e+01
 -2.0513e+01 -1.0507e+01 -8.6879e+00 -2.3180e+01
 -2.1857e+01 -1.6262e+01 -1.0867e+01 -2.0179e+01
 -2.3737e+01 -2.1180e+01 -1.2682e+01 -1.5936e+01
 -2.6056e+01 -2.4999e+01 -1.4020e+01 -1.0675e+01
 -2.8694e+01 -2.7517e+01 -1.4792e+01 -4.6723e+00
 -3.1512e+01 -2.8597e+01 -1.4940e+01  1.7540e+00
 -3.4363e+01 -2.8181e+01 -1.4439e+01  8.2648e+00
 -3.7098e+01 -2.6290e+01 -1.3296e+01  1.4517e+01
 -3.9575e+01 -2.3021e+01 -1.1555e+01  2.0179e+01
 -4.1662e+01 -1.8545e+01 -9.2899e+00  2.4953e+01
 -4.3251e+01 -1.3096e+01 -6.6025e+00  2.8587e+01
 -4.4258e+01 -6.9613e+00 -3.6170e+00  3.0889e+01
 -4.4631e+01 -4.6217e-01 -4.7325e-01  3.1738e+01
 -4.4350e+01  6.0598e+00  2.6804e+00  3.1087e+01
 -4.3430e+01  1.2262e+01  5.6952e+00  2.8973e+01
 -4.1919e+01  1.7818e+01  8.4297e+00  2.5506e+01
 -3.9898e+01  2.2438e+01  1.0757e+01  2.0870e+01
 -3.7471e+01  2.5878e+01  1.2573e+01  1.5309e+01
 -3.4767e+01  2.7959e+01  1.3798e+01  9.1178e+00
 -3.1928e+01  2.8573e+01  1.4386e+01  2.6223e+00
 -2.9103e+01  2.7689e+01  1.4324e+01 -3.8342e+00
 -2.6439e+01  2.5356e+01  1.3632e+01 -9.9108e+00
 -2.4076e+01  2.1698e+01  1.2365e+01 -1.5287e+01
 -2.2137e+01  1.6912e+01  1.0608e+01 -1.9678e+01
 -2.0723e+01  1.1251e+01  8.4702e+00 -2.2853e+01
 -1.9906e+01  5.0167e+00  6.0833e+00 -2.4644e+01
 -1.9728e+01 -1.4602e+00  3.5908e+00 -2.4957e+01
 -2.0195e+01 -7.8356e+00  1.1419e+00 -2.3776e+01
 -2.1280e+01 -1.3771e+01 -1.1165e+00 -2.1163e+01
 -2.2924e+01 -1.8951e+01 -3.0474e+00 -1.7256e+01
 -2.5036e+01 -2.3100e+01 -4.5314e+00 -1.2263e+01
 -2.7502e+01 -2.5997e+01 -5.4725e+00 -6.4470e+00
 -3.0188e+01 -2.7488e+01 -5.8035e+00 -1.1564e-01
 -3.2950e+01 -2.7491e+01 -5.4895e+00  6.3961e+00
 -3.5637e+01 -2.6005e+01 -4.5297e+00  1.2744e+01
 -3.8103e+01 -2.3107e+01 -2.9574e+00  1.8592e+01
 -4.0216e+01 -1.8947e+01 -8.3833e-01  2.3632e+01
 -4.1858e+01 -1.3744e+01  1.7329e+00  2.7596e+01
 -4.2939e+01 -7.7708e+00  4.6378e+00  3.0274e+01
 -4.3397e+01 -1.3408e+00  7.7400e+00  3.1526e+01
 -4.3203e+01  5.2079e+00  1.0893e+01  3.1283e+01
 -4.2363e+01  1.1531e+01  1.3947e+01  2.9559e+01
 -4.0915e+01  1.7297e+01  1.6758e+01  2.6444e+01
 -3.8932e+01  2.2203e+01  1.9195e+01  2.2102e+01
 -3.6512e+01  2.5991e+01  2.1145e+01  1.6761e+01
 -3.3778e+01  2.8463e+01  2.2523e+01  1.0704e+01
 -3.0868e+01  2.9490e+01  2.3273e+01  4.2498e+00
 -2.7930e+01  2.9020e+01  2.3371e+01 -2.2618e+00
 -2.5113e+01  2.7079e+01  2.2830e+01 -8.4873e+00
 -2.2560e+01  2.3772e+01  2.1694e+01 -1.4098e+01
 -2.0399e+01  1.9275e+01  2.0041e+01 -1.8800e+01
 -1.8737e+01  1.3827e+01  1.7973e+01 -2.2343e+01
 -1.7655e+01  7.7176e+00  1.5617e+01 -2.4542e+01
 -1.7205e+01  1.2714e+00  1.3113e+01 -2.5282e+01
 -1.7401e+01 -5.1695e+00  1.0611e+01 -2.4524e+01
 -1.8227e+01 -1.1263e+01  8.2573e+00 -2.2309e+01
 -1.9631e+01 -1.6686e+01  6.1937e+00 -1.8755e+01
 -2.1532e+01 -2.1150e+01  4.5449e+00 -1.4050e+01
 -2.3821e+01 -2.4418e+01  3.4140e+00 -8.4431e+00
 -2.6370e+01 -2.6315e+01  2.8765e+00 -2.2322e+00
 -2.9035e+01 -2.6740e+01  2.9768e+00  4.2542e+00
 -3.1668e+01 -2.5669e+01  3.7251e+00  1.0673e+01
 -3.4121e+01 -2.3156e+01  5.0977e+00  1.6683e+01
 -3.6255e+01 -1.9332e+01  7.0375e+00  2.1968e+01
 -3.7950e+01 -1.4398e+01  9.4575e+00  2.6246e+01
 -3.9106e+01 -8.6138e+00  1.2245e+01  2.9291e+01
 -3.9654e+01 -2.2820e+00  1.5269e+01  3.0941e+01
 -3.9555e+01  4.2640e+00  1.8384e+01  3.1108e+01
 -3.8806e+01  1.0680e+01  2.1441e+01  2.9782e+01
 -3.7435e+01  1.6629e+01  2.4292e+01  2.7032e+01
 -3.5506e+01  2.1798e+01  2.6804e+01  2.3002e+01
 -3.3111e+01  2.5916e+01  2.8857e+01  1.7905e+01
 -3.0365e+01  2.8766e+01  3.0358e+01  1.2008e+01
 -2.7405e+01  3.0200e+01  3.1242e+01  5.6221e+00
 -2.4375e+01  3.0143e+01  3.1478e+01 -9.1697e-01
 -2.1426e+01  2.8600e+01  3.1065e+01 -7.2648e+00
 -1.8702e+01  2.5655e+01  3.0042e+01 -1.3087e+01
 -1.6337e+01  2.1463e+01  2.8476e+01 -1.8078e+01
 -1.4444e+01  1.6247e+01  2.6463e+01 -2.1974e+01
 -1.3112e+01  1.0286e+01  2.4124e+01 -2.4571e+01
 -1.2401e+01  3.8948e+00  2.1597e+01 -2.5734e+01
 -1.2336e+01 -2.5874e+00  1.9028e+01 -2.5401e+01
 -1.2910e+01 -8.8168e+00  1.6566e+01 -2.3592e+01
 -1.4080e+01 -1.4463e+01  1.4356e+01 -2.0403e+01
 -1.5773e+01 -1.9226e+01  1.2526e+01 -1.6004e+01
 -1.7887e+01 -2.2853e+01  1.1188e+01 -1.0629e+01
 -2.0299e+01 -2.5152e+01  1.0423e+01 -4.5633e+00
 -2.2869e+01 -2.5999e+01  1.0287e+01  1.8722e+00
 -2.5449e+01 -2.5348e+01  1.0799e+01  8.3361e+00
 -2.7890e+01 -2.3233e+01  1.1944e+01  1.4485e+01
 -3.0050e+01 -1.9764e+01  1.3675e+01  1.9994e+01
 -3.1803e+01 -1.5122e+01  1.5912e+01  2.4570e+01
 -3.3044e+01 -9.5521e+00  1.8549e+01  2.7970e+01
 -3.3692e+01 -3.3468e+00  2.1460e+01  3.0013e+01
 -3.3703e+01  3.1673e+00  2.4503e+01  3.0590e+01
 -3.3060e+01  9.6475e+00  2.7528e+01  2.9669e+01
 -3.1786e+01  1.5753e+01  3.0388e+01  2.7298e+01
 -2.9933e+01  2.1162e+01  3.2943e+01  2.3599e+01
 -2.7586e+01  2.5590e+01  3.5070e+01  1.8767e+01
 -2.4855e+01  2.8804e+01  3.6667e+01  1.3057e+01
 -2.1871e+01  3.0637e+01  3.7662e+01  6.7668e+00
 -1.8778e+01  3.0992e+01  3.8012e+01  2.2876e-01
 -1.5723e+01  2.9851e+01  3.7711e+01 -6.2136e+00
 -1.2855e+01  2.7276e+01  3.6784e+01 -1.2222e+01
 -1.0311e+01  2.3405e+01  3.5292e+01 -1.7479e+01
 -8.2109e+00  1.8442e+01  3.3323e+01 -2.1711e+01
 -6.6506e+00  1.2651e+01  3.0991e+01 -2.4693e+01
 -5.6982e+00  6.3391e+00  2.8431e+01 -2.6272e+01
 -5.3891e+00 -1.5977e-01  2.5787e+01 -2.6364e+01
 -5.7249e+00 -6.5011e+00  2.3208e+01 -2.4967e+01
 -6.6728e+00 -1.2349e+01  2.0841e+01 -2.2155e+01
 -8.1678e+00 -1.7394e+01  1.8819e+01 -1.8079e+01
 -1.0116e+01 -2.1367e+01  1.7260e+01 -1.2956e+01
 -1.2398e+01 -2.4059e+01  1.6254e+01 -7.0580e+00
 -1.4880e+01 -2.5327e+01  1.5864e+01 -6.9793e-01
 -1.7414e+01 -2.5102e+01  1.6119e+01  5.7865e+00
 -1.9851e+01 -2.3395e+01  1.7014e+01  1.2051e+01
 -2.2046e+01 -2.0296e+01  1.8510e+01  1.7764e+01
 -2.3869e+01 -1.5967e+01  2.0538e+01  2.2620e+01
 -2.5206e+01 -1.0637e+01  2.2997e+01  2.6363e+01
 -2.5972e+01 -4.5853e+00  2.5767e+01  2.8793e+01
 -2.6110e+01  1.8683e+00  2.8708e+01  2.9780e+01
 -2.5596e+01  8.3841e+00  3.1673e+01  2.9270e+01
 -2.4442e+01  1.4619e+01  3.4512e+01  2.7288e+01
 -2.2693e+01  2.0244e+01  3.7084e+01  2.3937e+01
 -2.0424e+01  2.4962e+01  3.9260e+01  1.9393e+01
 -1.7739e+01  2.8526e+01  4.0931e+01  1.3894e+01
 -1.4763e+01  3.0748e+01  4.2016e+01  7.7284e+00
 -1.1638e+01  3.1511e+01  4.2465e+01  1.2205e+00
 -8.5113e+00  3.0776e+01  4.2260e+01 -5.2878e+00
 -5.5317e+00  2.8582e+01  4.1419e+01 -1.1455e+01
 -2.8399e+00  2.5045e+01  3.9992e+01 -1.6956e+01
 -5.6138e-01  2.0354e+01  3.8060e+01 -2.1502e+01
  1.2004e+00  1.4755e+01  3.5731e+01 -2.4856e+01
  2.3692e+00  8.5470e+00  3.3134e+01 -2.6842e+01
  2.9003e+00  2.0567e+00  3.0412e+01 -2.7356e+01
  2.7826e+00 -4.3719e+00  2.7713e+01 -2.6374e+01
  2.0394e+00 -1.0399e+01  2.5185e+01 -2.3949e+01
  7.2695e-01 -1.5705e+01  2.2967e+01 -2.0210e+01
 -1.0682e+00 -2.0011e+01  2.1181e+01 -1.5358e+01
 -3.2340e+00 -2.3087e+01  1.9924e+01 -9.6500e+00
 -5.6389e+00 -2.4770e+01  1.9269e+01 -3.3894e+00
 -8.1385e+00 -2.4973e+01  1.9254e+01  3.0912e+00
 -1.0584e+01 -2.3683e+01  1.9883e+01  9.4477e+00
 -1.2827e+01 -2.0968e+01  2.1128e+01  1.5343e+01
 -1.4734e+01 -1.6971e+01  2.2926e+01  2.0463e+01
 -1.6186e+01 -1.1904e+01  2.5185e+01  2.4535e+01
 -1.7088e+01 -6.0321e+00  2.7791e+01  2.7344e+01
 -1.7376e+01  3.3335e-01  3.0607e+01  2.8739e+01
 -1.7016e+01  6.8568e+00  3.3489e+01  2.8644e+01
 -1.6010e+01  1.3194e+01  3.6286e+01  2.7062e+01
 -1.4395e+01  1.9010e+01  3.8854e+01  2.4076e+01
 -1.2236e+01  2.3999e+01  4.1059e+01  1.9841e+01
 -9.6313e+00  2.7897e+01  4.2788e+01  1.4578e+01
 -6.7001e+00  3.0498e+01  4.3950e+01  8.5648e+00
 -3.5797e+00  3.1665e+01  4.4486e+01  2.1162e+00
 -4.1707e-01  3.1338e+01  4.4370e+01 -4.4288e+00
  2.6384e+00  2.9532e+01  4.3609e+01 -1.0726e+01
  5.4430e+00  2.6344e+01  4.2244e+01 -1.6446e+01
  7.8664e+00  2.1942e+01  4.0349e+01 -2.1287e+01
  9.7985e+00  1.6559e+01  3.8024e+01 -2.4995e+01
  1.1155e+01  1.0479e+01  3.5394e+01 -2.7378e+01
  1.1882e+01  4.0230e+00  3.2597e+01 -2.8310e+01
  1.1958e+01 -2.4672e+00  2.9782e+01 -2.7744e+01
  1.1398e+01 -8.6491e+00  2.7098e+01 -2.5713e+01
  1.0250e+01 -1.4196e+01  2.4685e+01 -2.2324e+01
  8.5902e+00 -1.8816e+01  2.2672e+01 -1.7760e+01
  6.5257e+00 -2.2264e+01  2.1165e+01 -1.2263e+01
  4.1828e+00 -2.4358e+01  2.0241e+01 -6.1251e+00
  1.7031e+00 -2.4988e+01  1.9950e+01  3.2759e-01
 -7.6464e-01 -2.4120e+01  2.0306e+01  6.7523e+00
 -3.0724e+00 -2.1801e+01  2.1288e+01  1.2808e+01
 -5.0804e+00 -1.8154e+01  2.2844e+01  1.8173e+01
 -6.6650e+00 -1.3370e+01  2.4890e+01  2.2561e+01
 -7.7248e+00 -7.7029e+00  2.7316e+01  2.5740e+01
 -8.1860e+00 -1.4523e+00  2.9992e+01  2.7540e+01
 -8.0067e+00  5.0515e+00  3.2774e+01  2.7863e+01
 -7.1787e+00  1.1465e+01  3.5514e+01  2.6690e+01
 -5.7281e+00  1.7449e+01  3.8064e+01  2.4083e+01
 -3.7140e+00  2.2686e+01  4.0287e+01  2.0177e+01
 -1.2251e+00  2.6902e+01  4.2063e+01  1.5175e+01
  1.6247e+00  2.9871e+01  4.3295e+01  9.3413e+00
  4.7022e+00  3.1438e+01  4.3914e+01  2.9813e+00
  7.8624e+00  3.1518e+01  4.3884e+01 -3.5707e+00
  1.0956e+01  3.0108e+01  4.3205e+01 -9.9705e+00
  1.3837e+01  2.7281e+01  4.1907e+01 -1.5882e+01
  1.6370e+01  2.3187e+01  4.0055e+01 -2.0994e+01
  1.8439e+01  1.8041e+01  3.7743e+01 -2.5040e+01
  1.9952e+01  1.2114e+01  3.5090e+01 -2.7806e+01
  2.0846e+01  5.7200e+00  3.2230e+01 -2.9149e+01
  2.1091e+01 -8.0498e-01  2.9310e+01 -2.9000e+01
  2.0692e+01 -7.1164e+00  2.6479e+01 -2.7368e+01
  1.9686e+01 -1.2881e+01  2.3883e+01 -2.4342e+01
  1.8144e+01 -1.7796e+01  2.1652e+01 -2.0082e+01
  1.6164e+01 -2.1602e+01  1.9900e+01 -1.4815e+01
  1.3868e+01 -2.4097e+01  1.8714e+01 -8.8229e+00
  1.1393e+01 -2.5152e+01  1.8149e+01 -2.4222e+00
  8.8875e+00 -2.4710e+01  1.8232e+01  4.0469e+00
  6.5002e+00 -2.2796e+01  1.8950e+01  1.0241e+01
  4.3741e+00 -1.9512e+01  2.0260e+01  1.5831e+01
  2.6378e+00 -1.5032e+01  2.2086e+01  2.0519e+01
  1.3998e+00 -9.5928e+00  2.4325e+01  2.4058e+01
  7.4174e-01 -3.4826e+00  2.6852e+01  2.6257e+01
  7.1489e-01  2.9750e+00  2.9528e+01  2.7000e+01
  1.3370e+00  9.4384e+00  3.2202e+01  2.6245e+01
  2.5913e+00  1.5565e+01  3.4728e+01  2.4030e+01
  4.4279e+00  2.1031e+01  3.6963e+01  2.0471e+01
  6.7658e+00  2.5547e+01  3.8783e+01  1.5753e+01
  9.4974e+00  2.8873e+01  4.0083e+01  1.0126e+01
  1.2495e+01  3.0832e+01  4.0788e+01  3.8831e+00
  1.5615e+01  3.1321e+01  4.0850e+01 -2.6464e+00
  1.8709e+01  3.0313e+01  4.0260e+01 -9.1195e+00
  2.1629e+01  2.7860e+01  3.9040e+01 -1.5196e+01
