  1.9690e+01 -5.2295e+00  2.5040e+00  2.6119e+01  2.1385e+01  2.8965e+01
  1.9178e+01 -4.1912e+00  5.0742e+00  2.9039e+01  3.6104e+01  3.2555e+01
  1.8958e+01  1.0892e-01  7.7043e+00  3.3184e+01  4.6197e+01  3.5412e+01
  1.9236e+01  5.5344e+00  1.0303e+01  3.8165e+01  5.2894e+01  3.7296e+01
  2.0069e+01  1.1110e+01  1.2744e+01  4.3660e+01  5.6494e+01  3.8053e+01
  2.1443e+01  1.6262e+01  1.4895e+01  4.9364e+01  5.7074e+01  3.7605e+01
  2.3293e+01  2.0570e+01  1.6623e+01  5.4978e+01  5.4747e+01  3.5949e+01
  2.5517e+01  2.3685e+01  1.7804e+01  6.0224e+01  4.9756e+01  3.3165e+01
  2.7979e+01  2.5269e+01  1.8307e+01  6.4854e+01  4.2532e+01  2.9423e+01
  3.0505e+01  2.4862e+01  1.7948e+01  6.8680e+01  3.3808e+01  2.5027e+01
  3.2848e+01  2.1349e+01  1.6269e+01  7.1615e+01  2.4958e+01  2.0550e+01
  3.4585e+01  1.2469e+01  1.2338e+01  7.3751e+01  1.7901e+01  1.6795e+01
  3.5180e+01 -1.0053e+00  6.4844e+00  7.5270e+01  1.2535e+01  1.3730e+01
  3.4329e+01 -1.6096e+01 -4.5471e-02  7.6284e+01  7.7539e+00  1.0902e+01
  3.1967e+01 -3.1011e+01 -6.4953e+00  7.6829e+01  3.1595e+00  8.1538e+00
  2.8170e+01 -4.4622e+01 -1.2384e+01  7.6923e+01 -1.2534e+00  5.4895e+00
  2.3114e+01 -5.6076e+01 -1.7343e+01  7.6589e+01 -5.3572e+00  2.9654e+00
  1.7050e+01 -6.4710e+01 -2.1084e+01  7.5867e+01 -8.9828e+00  6.5448e-01
  1.0283e+01 -7.0044e+01 -2.3398e+01  7.4814e+01 -1.1958e+01 -1.3698e+00
  3.1608e+00 -7.1795e+01 -2.4161e+01  7.3503e+01 -1.4124e+01 -3.0404e+00
 -3.9536e+00 -6.9891e+01 -2.3339e+01  7.2021e+01 -1.5345e+01 -4.3002e+00
 -1.0700e+01 -6.4481e+01 -2.0995e+01  7.0469e+01 -1.5501e+01 -5.0993e+00
 -1.6745e+01 -5.5958e+01 -1.7297e+01  6.8960e+01 -1.4446e+01 -5.3775e+00
 -2.1812e+01 -4.5065e+01 -1.2561e+01  6.7629e+01 -1.1810e+01 -4.9828e+00
 -2.5732e+01 -3.3411e+01 -7.4651e+00  6.6691e+01 -5.6908e+00 -3.1290e+00
 -2.8593e+01 -2.3932e+01 -3.2398e+00  6.6808e+01  8.6651e+00  2.1514e+00
 -3.0601e+01 -1.6292e+01  2.4458e-01  6.8567e+01  2.6785e+01  8.9869e+00
 -3.1862e+01 -8.9357e+00  3.6264e+00  7.2163e+01  4.4987e+01  1.5831e+01
 -3.2390e+01 -1.6450e+00  6.9885e+00  7.7505e+01  6.1481e+01  2.1923e+01
 -3.2200e+01  5.3983e+00  1.0248e+01  8.4363e+01  7.5131e+01  2.6773e+01
 -3.1329e+01  1.1896e+01  1.3275e+01  9.2408e+01  8.5120e+01  3.0030e+01
 -2.9850e+01  1.7514e+01  1.5923e+01  1.0125e+02  9.0901e+01  3.1455e+01
 -2.7867e+01  2.1904e+01  1.8042e+01  1.1044e+02  9.2214e+01  3.0935e+01
 -2.5523e+01  2.4662e+01  1.9462e+01  1.1954e+02  8.9164e+01  2.8512e+01
 -2.3014e+01  2.5009e+01  1.9855e+01  1.2815e+02  8.2526e+01  2.4511e+01
 -2.0744e+01  1.8687e+01  1.7453e+01  1.3604e+02  7.5125e+01  2.0111e+01
 -1.9632e+01  2.6459e+00  1.0997e+01  1.4324e+02  6.8354e+01  1.5897e+01
 -2.0371e+01 -1.7655e+01  2.7693e+00  1.4968e+02  6.0036e+01  1.0974e+01
 -2.3174e+01 -3.8307e+01 -5.5872e+00  1.5517e+02  4.9381e+01  5.0207e+00
 -2.7987e+01 -5.7638e+01 -1.3357e+01  1.5949e+02  3.6599e+01 -1.8648e+00
 -3.4618e+01 -7.4502e+01 -2.0046e+01  1.6244e+02  2.2293e+01 -9.4194e+00
 -4.2779e+01 -8.8128e+01 -2.5316e+01  1.6392e+02  7.3252e+00 -1.7270e+01
 -5.2131e+01 -9.8476e+01 -2.9137e+01  1.6393e+02 -6.9518e+00 -2.4842e+01
 -6.2504e+01 -1.1013e+02 -3.3402e+01  1.6274e+02 -1.6356e+01 -3.0382e+01
 -7.4230e+01 -1.2410e+02 -3.8520e+01  1.6091e+02 -1.9823e+01 -3.3442e+01
 -8.7224e+01 -1.3499e+02 -4.2233e+01  1.5891e+02 -1.9823e+01 -3.5042e+01
 -1.0104e+02 -1.4035e+02 -4.3518e+01  1.5703e+02 -1.7397e+01 -3.5614e+01
 -1.1509e+02 -1.3958e+02 -4.2118e+01  1.5551e+02 -1.2722e+01 -3.5236e+01
 -1.2877e+02 -1.3322e+02 -3.8258e+01  1.5458e+02 -4.7801e+00 -3.3487e+01
 -1.4163e+02 -1.2340e+02 -3.2824e+01  1.5480e+02  1.1131e+01 -2.8425e+01
 -1.5338e+02 -1.1091e+02 -2.6163e+01  1.5726e+02  3.8283e+01 -1.8707e+01
 -1.6368e+02 -9.4337e+01 -1.7692e+01  1.6251e+02  6.6847e+01 -8.4394e+00
 -1.7211e+02 -7.3676e+01 -7.4305e+00  1.7057e+02  9.4468e+01  1.3690e+00
 -1.7832e+02 -5.0126e+01  4.1036e+00  1.8132e+02  1.2249e+02  1.1250e+01
 -1.8211e+02 -2.5399e+01  1.6177e+01  1.9537e+02  1.5757e+02  2.3937e+01
 -1.8343e+02 -1.0695e+00  2.8110e+01  2.1285e+02  1.9150e+02  3.5995e+01
 -1.8237e+02  2.2010e+01  3.9525e+01  2.3354e+02  2.2213e+02  4.6485e+01
 -1.7914e+02  4.2271e+01  4.9748e+01  2.5723e+02  2.5043e+02  5.5788e+01
 -1.7411e+02  5.7754e+01  5.7945e+01  2.8360e+02  2.7530e+02  6.3416e+01
 -1.6784e+02  6.6728e+01  6.3381e+01  3.1208e+02  2.9299e+02  6.7789e+01
 -1.6106e+02  6.7445e+01  6.5322e+01  3.4192e+02  3.0212e+02  6.8315e+01
 -1.5480e+02  5.5817e+01  6.2070e+01  3.7225e+02  3.0237e+02  6.4852e+01
 -1.5033e+02  3.1480e+01  5.3485e+01  4.0204e+02  2.9101e+02  5.6265e+01
 -1.4889e+02 -5.0776e+00  3.9794e+01  4.3008e+02  2.6755e+02  4.2361e+01
 -1.5171e+02 -5.3717e+01  2.1091e+01  4.5523e+02  2.3312e+02  2.3638e+01
 -1.5992e+02 -1.1230e+02 -1.6852e+00  4.7645e+02  1.8947e+02  8.5280e-01
 -1.7436e+02 -1.7837e+02 -2.7460e+01  4.9295e+02  1.3915e+02 -2.4894e+01
 -1.9566e+02 -2.4890e+02 -5.4911e+01  5.0422e+02  8.5194e+01 -5.2287e+01
 -2.2406e+02 -3.2065e+02 -8.2620e+01  5.1008e+02  3.1365e+01 -7.9713e+01
 -2.5951e+02 -3.8871e+02 -1.0848e+02  5.1072e+02 -1.8609e+01 -1.0557e+02
 -3.0140e+02 -4.5180e+02 -1.3188e+02  5.0690e+02 -5.7273e+01 -1.2671e+02
 -3.4921e+02 -5.0061e+02 -1.4891e+02  4.9974e+02 -8.5398e+01 -1.4343e+02
 -4.0074e+02 -5.3152e+02 -1.5800e+02  4.9070e+02 -9.4067e+01 -1.5197e+02
 -4.5465e+02 -5.4230e+02 -1.5821e+02  4.8179e+02 -8.3094e+01 -1.5227e+02
 -5.0833e+02 -5.2981e+02 -1.4821e+02  4.7569e+02 -3.9963e+01 -1.3913e+02
 -5.5972e+02 -4.9363e+02 -1.2784e+02  4.7540e+02  3.5057e+01 -1.1272e+02
 -6.0617e+02 -4.3129e+02 -9.6123e+01  4.8281e+02  1.0414e+02 -8.8808e+01
 -6.4489e+02 -3.3877e+02 -5.1441e+01  4.9597e+02  1.5782e+02 -7.1400e+01
 -6.7298e+02 -2.2043e+02  4.2988e+00  5.1402e+02  2.0135e+02 -5.8363e+01
 -6.8856e+02 -8.9848e+01  6.5344e+01  5.3586e+02  2.3338e+02 -5.0299e+01
 -6.9077e+02  4.6089e+01  1.2870e+02  5.6025e+02  2.5221e+02 -4.7952e+01
 -6.7941e+02  1.8022e+02  1.9126e+02  5.8582e+02  2.5681e+02 -5.1767e+01
 -6.5502e+02  3.0549e+02  2.4997e+02  6.1113e+02  2.4690e+02 -6.1863e+01
 -6.1882e+02  4.1530e+02  3.0194e+02  6.3473e+02  2.2297e+02 -7.8024e+01
 -5.7267e+02  5.0387e+02  3.4469e+02  6.5529e+02  1.8626e+02 -9.9718e+01
 -5.1892e+02  5.6656e+02  3.7618e+02  6.7162e+02  1.3867e+02 -1.2612e+02
 -4.6033e+02  6.0007e+02  3.9499e+02  6.8275e+02  8.2679e+01 -1.5614e+02
 -3.9994e+02  6.0266e+02  4.0037e+02  6.8797e+02  2.1214e+01 -1.8852e+02
 -3.4084e+02  5.7422e+02  3.9225e+02  6.8691e+02 -4.2511e+01 -2.2186e+02
 -2.8608e+02  5.1628e+02  3.7131e+02  6.7951e+02 -1.0516e+02 -2.5471e+02
 -2.3847e+02  4.3191e+02  3.3889e+02  6.6603e+02 -1.6347e+02 -2.8565e+02
 -2.0043e+02  3.2561e+02  2.9692e+02  6.4706e+02 -2.1437e+02 -3.1335e+02
 -1.7389e+02  2.0300e+02  2.4786e+02  6.2349e+02 -2.5523e+02 -3.3667e+02
 -1.6016e+02  7.0596e+01  1.9453e+02  5.9642e+02 -2.8390e+02 -3.5468e+02
 -1.5987e+02 -6.4594e+01  1.3997e+02  5.6716e+02 -2.9892e+02 -3.6673e+02
 -1.7293e+02 -1.9540e+02  8.7294e+01  5.3712e+02 -2.9951e+02 -3.7249e+02
 -1.9857e+02 -3.1490e+02  3.9512e+01  5.0774e+02 -2.8568e+02 -3.7196e+02
 -2.3532e+02 -4.1675e+02 -6.2763e-01  4.8044e+02 -2.5819e+02 -3.6548e+02
 -2.8115e+02 -4.9554e+02 -3.0778e+01  4.5651e+02 -2.1853e+02 -3.5368e+02
 -3.3352e+02 -5.4709e+02 -4.9124e+01  4.3707e+02 -1.6882e+02 -3.3750e+02
 -3.8956e+02 -5.6867e+02 -5.4473e+01  4.2300e+02 -1.1171e+02 -3.1807e+02
 -4.4621e+02 -5.5909e+02 -4.6321e+01  4.1488e+02 -5.0259e+01 -2.9673e+02
 -5.0035e+02 -5.1885e+02 -2.4877e+01  4.1298e+02  1.2260e+01 -2.7489e+02
 -5.4902e+02 -4.5005e+02  8.9448e+00  4.1725e+02  7.2514e+01 -2.5401e+02
 -5.8953e+02 -3.5630e+02  5.3576e+01  4.2730e+02  1.2729e+02 -2.3547e+02
 -6.1961e+02 -2.4252e+02  1.0688e+02  4.4243e+02  1.7367e+02 -2.2055e+02
 -6.3756e+02 -1.1472e+02  1.6625e+02  4.6167e+02  2.0916e+02 -2.1033e+02
 -6.4231e+02  2.0394e+01  2.2877e+02  4.8383e+02  2.3187e+02 -2.0561e+02
 -6.3348e+02  1.5570e+02  2.9134e+02  5.0758e+02  2.4057e+02 -2.0695e+02
 -6.1140e+02  2.8407e+02  3.5088e+02  5.3146e+02  2.3477e+02 -2.1455e+02
 -5.7712e+02  3.9874e+02  4.0446e+02  5.5405e+02  2.1474e+02 -2.2830e+02
 -5.3231e+02  4.9369e+02  4.4944e+02  5.7397e+02  1.8151e+02 -2.4773e+02
 -4.7921e+02  5.6392e+02  4.8367e+02  5.8997e+02  1.3682e+02 -2.7211e+02
 -4.2048e+02  6.0574e+02  5.0553e+02  6.0103e+02  8.2982e+01 -3.0043e+02
 -3.5909e+02  6.1697e+02  5.1409e+02  6.0636e+02  2.2825e+01 -3.3145e+02
 -2.9813e+02  5.9702e+02  5.0909e+02  6.0548e+02 -4.0506e+01 -3.6381e+02
 -2.4069e+02  5.4699e+02  4.9099e+02  5.9826e+02 -1.0369e+02 -3.9607e+02
 -1.8965e+02  4.6952e+02  4.6096e+02  5.8486e+02 -1.6343e+02 -4.2679e+02
 -1.4757e+02  3.6874e+02  4.2078e+02  5.6579e+02 -2.1658e+02 -4.5462e+02
 -1.1651e+02  2.4998e+02  3.7277e+02  5.4186e+02 -2.6037e+02 -4.7834e+02
 -9.7963e+01  1.1954e+02  3.1966e+02  5.1411e+02 -2.9252e+02 -4.9697e+02
 -9.2759e+01 -1.5662e+01  2.6445e+02  4.8380e+02 -3.1135e+02 -5.0978e+02
 -1.0102e+02 -1.4848e+02  2.1025e+02  4.5232e+02 -3.1589e+02 -5.1634e+02
 -1.2214e+02 -2.7186e+02  1.6011e+02  4.2111e+02 -3.0594e+02 -5.1657e+02
 -1.5485e+02 -3.7929e+02  1.1687e+02  3.9160e+02 -2.8204e+02 -5.1070e+02
 -1.9727e+02 -4.6506e+02  8.2999e+01  3.6512e+02 -2.4548e+02 -4.9929e+02
 -2.4699e+02 -5.2462e+02  6.0477e+01  3.4286e+02 -1.9822e+02 -4.8320e+02
 -3.0121e+02 -5.5480e+02  5.0675e+01  3.2576e+02 -1.4278e+02 -4.6351e+02
 -3.5691e+02 -5.5401e+02  5.4294e+01  3.1448e+02 -8.2110e+01 -4.4150e+02
 -4.1098e+02 -5.2225e+02  7.1323e+01  3.0940e+02 -1.9448e+01 -4.1859e+02
 -4.6038e+02 -4.6118e+02  1.0104e+02  3.1055e+02  4.1876e+01 -3.9621e+02
 -5.0234e+02 -3.7402e+02  1.4206e+02  3.1762e+02  9.8598e+01 -3.7579e+02
 -5.3446e+02 -2.6535e+02  1.9238e+02  3.3001e+02  1.4770e+02 -3.5863e+02
 -5.5488e+02 -1.4089e+02  2.4952e+02  3.4682e+02  1.8656e+02 -3.4587e+02
 -5.6233e+02 -7.2012e+00  3.1063e+02  3.6691e+02  2.1311e+02 -3.3840e+02
 -5.5625e+02  1.2868e+02  3.7267e+02  3.8898e+02  2.2591e+02 -3.3686e+02
 -5.3676e+02  2.5959e+02  4.3251e+02  4.1161e+02  2.2428e+02 -3.4154e+02
 -5.0473e+02  3.7864e+02  4.8716e+02  4.3335e+02  2.0826e+02 -3.5241e+02
 -4.6164e+02  4.7954e+02  5.3390e+02  4.5281e+02  1.7870e+02 -3.6912e+02
 -4.0960e+02  5.5700e+02  5.7043e+02  4.6869e+02  1.3712e+02 -3.9099e+02
 -3.5116e+02  6.0693e+02  5.9497e+02  4.7990e+02  8.5700e+01 -4.1709e+02
 -2.8923e+02  6.2671e+02  6.0639e+02  4.8559e+02  2.7135e+01 -4.4624e+02
 -2.2687e+02  6.1532e+02  6.0423e+02  4.8519e+02 -3.5505e+01 -4.7711e+02
 -1.6719e+02  5.7337e+02  5.8878e+02  4.7846e+02 -9.8930e+01 -5.0827e+02
 -1.1314e+02  5.0310e+02  5.6098e+02  4.6549e+02 -1.5981e+02 -5.3828e+02
 -6.7390e+01  4.0822e+02  5.2248e+02  4.4669e+02 -2.1496e+02 -5.6574e+02
 -3.2152e+01  2.9378e+02  4.7544e+02  4.2279e+02 -2.6147e+02 -5.8941e+02
 -9.0867e+00  1.6583e+02  4.2249e+02  3.9477e+02 -2.9692e+02 -6.0822e+02
  7.8758e-01  3.1133e+01  3.6658e+02  3.6384e+02 -3.1945e+02 -6.2136e+02
 -2.8475e+00 -1.0317e+02  3.1080e+02  3.3135e+02 -3.2788e+02 -6.2834e+02
 -1.9596e+01 -2.2997e+02  2.5824e+02  2.9875e+02 -3.2180e+02 -6.2897e+02
 -4.8366e+01 -3.4256e+02  2.1181e+02  2.6747e+02 -3.0155e+02 -6.2338e+02
 -8.7433e+01 -4.3498e+02  1.7410e+02  2.3888e+02 -2.6820e+02 -6.1206e+02
 -1.3452e+02 -5.0233e+02  1.4724e+02  2.1420e+02 -2.2355e+02 -5.9578e+02
 -1.8694e+02 -5.4104e+02  1.3276e+02  1.9446e+02 -1.6997e+02 -5.7556e+02
 -2.4170e+02 -5.4905e+02  1.3158e+02  1.8041e+02 -1.1030e+02 -5.5265e+02
 -2.9571e+02 -5.2593e+02  1.4387e+02  1.7250e+02 -4.7718e+01 -5.2841e+02
 -3.4589e+02 -4.7288e+02  1.6911e+02  1.7086e+02  1.4458e+01 -5.0430e+02
 -3.8938e+02 -3.9270e+02  2.0609e+02  1.7527e+02  7.2925e+01 -4.8174e+02
 -4.2366e+02 -2.8960e+02  2.5298e+02  1.8521e+02  1.2458e+02 -4.6209e+02
 -4.4671e+02 -1.6903e+02  3.0741e+02  1.9987e+02  1.6668e+02 -4.4652e+02
 -4.5709e+02 -3.7327e+01  3.6663e+02  2.1815e+02  1.9698e+02 -4.3602e+02
 -4.5404e+02  9.8552e+01  4.2763e+02  2.3881e+02  2.1387e+02 -4.3129e+02
 -4.3748e+02  2.3144e+02  4.8729e+02  2.6045e+02  2.1644e+02 -4.3272e+02
 -4.0808e+02  3.5434e+02  5.4256e+02  2.8162e+02  2.0455e+02 -4.4037e+02
 -3.6716e+02  4.6076e+02  5.9064e+02  3.0090e+02  1.7880e+02 -4.5397e+02
 -3.1667e+02  5.4510e+02  6.2909e+02  3.1696e+02  1.4054e+02 -4.7295e+02
 -2.5903e+02  6.0291e+02  6.5598e+02  3.2865e+02  9.1773e+01 -4.9643e+02
 -1.9708e+02  6.3114e+02  6.6999e+02  3.3505e+02  3.5072e+01 -5.2330e+02
 -1.3384e+02  6.2833e+02  6.7047e+02  3.3550e+02 -2.6586e+01 -5.5226e+02
 -7.2444e+01  5.9461e+02  6.5750e+02  3.2967e+02 -8.9957e+01 -5.8191e+02
 -1.5894e+01  5.3180e+02  6.3185e+02  3.1756e+02 -1.5171e+02 -6.1080e+02
  3.3052e+01  4.4320e+02  5.9496e+02  2.9949e+02 -2.0858e+02 -6.3751e+02
  7.2039e+01  3.3351e+02  5.4887e+02  2.7611e+02 -2.5759e+02 -6.6074e+02
  9.9242e+01  2.0854e+02  4.9611e+02  2.4833e+02 -2.9615e+02 -6.7939e+02
  1.1346e+02  7.4871e+01  4.3953e+02  2.1730e+02 -3.2224e+02 -6.9256e+02
  1.1416e+02 -6.0427e+01  3.8221e+02  1.8434e+02 -3.3447e+02 -6.9966e+02
  1.0155e+02 -1.9023e+02  3.2725e+02  1.5089e+02 -3.3218e+02 -7.0043e+02
  7.6527e+01 -3.0770e+02  2.7764e+02  1.1839e+02 -3.1551e+02 -6.9490e+02
  4.0636e+01 -4.0655e+02  2.3607e+02  8.8235e+01 -2.8540e+02 -6.8348e+02
 -3.9825e+00 -4.8148e+02  2.0481e+02  6.1701e+01 -2.4349e+02 -6.6686e+02
 -5.4727e+01 -5.2853e+02  1.8558e+02  3.9858e+01 -1.9199e+02 -6.4599e+02
 -1.0867e+02 -5.4525e+02  1.7947e+02  2.3533e+01 -1.3361e+02 -6.2207e+02
 -1.6273e+02 -5.3075e+02  1.8685e+02  1.3262e+01 -7.1446e+01 -5.9643e+02
 -2.1380e+02 -4.8581e+02  2.0740e+02  9.2614e+00 -8.7689e+00 -5.7051e+02
 -2.5895e+02 -4.1279e+02  2.4010e+02  1.1415e+01  5.1101e+01 -5.4575e+02
 -2.9555e+02 -3.1555e+02  2.8326e+02  1.9282e+01  1.0500e+02 -5.2351e+02
 -3.2142e+02 -1.9922e+02  3.3467e+02  3.2119e+01  1.5006e+02 -5.0505e+02
 -3.3496e+02 -6.9939e+01  3.9165e+02  4.8919e+01  1.8392e+02 -4.9139e+02
 -3.3521e+02  6.5471e+01  4.5125e+02  6.8467e+01  2.0476e+02 -4.8332e+02
 -3.2190e+02  1.9986e+02  5.1036e+02  8.9399e+01  2.1149e+02 -4.8132e+02
 -2.9551e+02  3.2614e+02  5.6590e+02  1.1028e+02  2.0374e+02 -4.8553e+02
 -2.5717e+02  4.3763e+02  6.1497e+02  1.2968e+02  1.8193e+02 -4.9579e+02
 -2.0867e+02  5.2846e+02  6.5503e+02  1.4623e+02  1.4719e+02 -5.1160e+02
 -1.5233e+02  5.9383e+02  6.8399e+02  1.5874e+02  1.0136e+02 -5.3217e+02
 -9.0873e+01  6.3029e+02  7.0035e+02  1.6621e+02  4.6853e+01 -5.5643e+02
 -2.7303e+01  6.3592e+02  7.0328e+02  1.6792e+02 -1.3450e+01 -5.8315e+02
  3.5269e+01  6.1041e+02  6.9266e+02  1.6344e+02 -7.6361e+01 -6.1095e+02
  9.3782e+01  5.5510e+02  6.6905e+02  1.5267e+02 -1.3852e+02 -6.3838e+02
  1.4537e+02  4.7326e+02  6.3375e+02  1.2854e+02 -3.4394e+02 -6.6401e+02
  1.8765e+02  3.6890e+02  5.8862e+02  9.1846e+01 -3.8712e+02 -6.8301e+02
  2.1858e+02  2.4728e+02  5.3606e+02  5.1700e+01 -4.1274e+02 -6.9436e+02
  2.3675e+02  1.1505e+02  4.7885e+02  9.9280e+00 -4.1952e+02 -6.9748e+02
  2.4147e+02 -2.0783e+01  4.2004e+02 -3.1562e+01 -4.0711e+02 -6.9222e+02
  2.3272e+02 -1.5305e+02  3.6272e+02 -7.0874e+01 -3.7617e+02 -6.7885e+02
  2.1121e+02 -2.7475e+02  3.0995e+02 -1.0623e+02 -3.2833e+02 -6.5809e+02
  1.7833e+02 -3.7947e+02  2.6450e+02 -1.3606e+02 -2.6612e+02 -6.3104e+02
  1.3607e+02 -4.6167e+02  2.2878e+02 -1.5908e+02 -1.9283e+02 -5.9912e+02
  8.6899e+01 -5.1701e+02  2.0468e+02 -1.7438e+02 -1.1232e+02 -5.6401e+02
  3.3666e+01 -5.4257e+02  1.9346e+02 -1.8145e+02 -2.8857e+01 -5.2756e+02
 -2.0571e+01 -5.3699e+02  1.9571e+02 -1.8020e+02  5.3157e+01 -4.9168e+02
 -7.2699e+01 -5.0056e+02  2.1130e+02 -1.7101e+02  1.2938e+02 -4.5825e+02
 -1.1971e+02 -4.3514e+02  2.3939e+02 -1.5466e+02  1.9569e+02 -4.2902e+02
 -1.5800e+02 -3.2706e+02  2.7843e+02 -1.3251e+02  2.4528e+02 -4.0548e+02
 -1.8534e+02 -2.1677e+02  3.2603e+02 -1.0597e+02  2.8264e+02 -3.8881e+02
 -2.0089e+02 -9.2469e+01  3.7961e+02 -7.6582e+01  3.0205e+02 -3.7985e+02
 -2.0359e+02  3.9156e+01  4.3631e+02 -4.6195e+01  3.0254e+02 -3.7904e+02
 -1.9304e+02  1.7114e+02  4.9312e+02 -1.6708e+01  2.8411e+02 -3.8639e+02
 -1.6958e+02  2.9649e+02  5.4701e+02  1.0026e+01  2.4773e+02 -4.0147e+02
 -1.3419e+02  4.0860e+02  5.9510e+02  3.2301e+01  1.9533e+02 -4.2346e+02
 -8.8502e+01  5.0153e+02  6.3483e+02  4.8648e+01  1.2968e+02 -4.5114e+02
 -3.4690e+01  5.7036e+02  6.6405e+02  5.7911e+01  5.4283e+01 -4.8301e+02
  2.4641e+01  6.1139e+02  6.8118e+02  5.9316e+01 -2.6753e+01 -5.1733e+02
  6.7493e+01  2.4094e+02  6.8539e+02  5.4121e+01 -8.1281e+01 -5.5245e+02
  9.1801e+01  2.4334e+02  6.8534e+02  4.1869e+01 -1.6311e+02 -5.8679e+02
  1.1583e+02  2.3572e+02  6.8111e+02  2.1696e+01 -2.3905e+02 -6.1863e+02
  1.3864e+02  2.1893e+02  6.7286e+02 -5.6169e+00 -3.0530e+02 -6.4622e+02
  1.5934e+02  1.9390e+02  6.6096e+02 -3.8923e+01 -3.5837e+02 -6.6804e+02
  1.7719e+02  1.6195e+02  6.4601e+02 -7.6757e+01 -3.9547e+02 -6.8287e+02
  1.9156e+02  1.2476e+02  6.2872e+02 -1.1742e+02 -4.1462e+02 -6.8985e+02
  2.0203e+02  8.4295e+01  6.0994e+02 -1.5905e+02 -4.1481e+02 -6.8855e+02
  2.0838e+02  4.2680e+01  5.9060e+02 -1.9974e+02 -3.9602e+02 -6.7895e+02
  2.1060e+02  2.1092e+00  5.7165e+02 -2.3765e+02 -3.5923e+02 -6.6149e+02
  2.0891e+02 -3.5283e+01  5.5402e+02 -2.7105e+02 -3.0639e+02 -6.3699e+02
  2.0372e+02 -6.7529e+01  5.3857e+02 -2.9848e+02 -2.4027e+02 -6.0668e+02
  1.9563e+02 -9.2934e+01  5.2602e+02 -3.1878e+02 -1.6435e+02 -5.7206e+02
  1.8540e+02 -1.1016e+02  5.1696e+02 -3.3116e+02 -8.2646e+01 -5.3488e+02
  1.7390e+02 -1.1832e+02  5.1178e+02 -3.3525e+02  5.5123e-01 -4.9699e+02
  1.6206e+02 -1.1698e+02  5.1065e+02 -3.3114e+02  8.0852e+01 -4.6030e+02
  1.5082e+02 -1.0622e+02  5.1356e+02 -3.1932e+02  1.5403e+02 -4.2665e+02
  1.4111e+02 -8.6627e+01  5.2024e+02 -3.0070e+02  2.1622e+02 -3.9772e+02
  1.3376e+02 -5.9240e+01  5.3024e+02 -2.7656e+02  2.6415e+02 -3.7493e+02
  1.2947e+02 -2.5518e+01  5.4294e+02 -2.4844e+02  2.9532e+02 -3.5936e+02
  1.2880e+02  1.2746e+01  5.5754e+02 -2.1811e+02  3.0807e+02 -3.5173e+02
  1.3211e+02  5.3520e+01  5.7317e+02 -1.8746e+02  3.0175e+02 -3.5233e+02
  1.3952e+02  9.4639e+01  5.8889e+02 -1.5839e+02  2.7670e+02 -3.6100e+02
  1.5097e+02  1.3392e+02  6.0376e+02 -1.3270e+02  2.3427e+02 -3.7717e+02
  1.6617e+02  1.6927e+02  6.1686e+02 -1.1204e+02  1.7670e+02 -3.9986e+02
  1.8463e+02  1.9881e+02  6.2738e+02 -9.7768e+01  1.0705e+02 -4.2775e+02
  2.0569e+02  2.2097e+02  6.3463e+02 -9.0913e+01  2.9007e+01 -4.5922e+02
  2.2854e+02  2.3457e+02  6.3811e+02 -9.2109e+01 -5.3283e+01 -4.9249e+02
  2.5229e+02  2.3887e+02  6.3749e+02 -1.0157e+02 -1.3546e+02 -5.2566e+02
  2.7599e+02  2.3363e+02  6.3267e+02 -1.1905e+02 -2.1318e+02 -5.5684e+02
  2.9871e+02  2.1911e+02  6.2377e+02 -1.4392e+02 -2.8232e+02 -5.8424e+02
  3.1953e+02  1.9606e+02  6.1111e+02 -1.7511e+02 -3.3920e+02 -6.0628e+02
  3.3767e+02  1.6569e+02  5.9521e+02 -2.1124e+02 -3.8081e+02 -6.2163e+02
  3.5248e+02  1.2959e+02  5.7677e+02 -2.5068e+02 -4.0494e+02 -6.2935e+02
  3.6346e+02  8.9643e+01  5.5660e+02 -2.9160e+02 -4.1030e+02 -6.2887e+02
  3.7035e+02  4.7946e+01  5.3561e+02 -3.3210e+02 -3.9658e+02 -6.2005e+02
  3.7307e+02  6.6850e+00  5.1476e+02 -3.7031e+02 -3.6450e+02 -6.0322e+02
  3.7177e+02 -3.1978e+01  4.9497e+02 -4.0445e+02 -3.1573e+02 -5.7909e+02
  3.6682e+02 -6.6018e+01  4.7714e+02 -4.3298e+02 -2.5284e+02 -5.4878e+02
  3.5878e+02 -9.3655e+01  4.6204e+02 -4.5465e+02 -1.7912e+02 -5.1372e+02
  3.4836e+02 -1.1345e+02  4.5029e+02 -4.6857e+02 -9.8450e+01 -4.7560e+02
  3.3639e+02 -1.2437e+02  4.4233e+02 -4.7425e+02 -1.5080e+01 -4.3626e+02
  3.2380e+02 -1.2585e+02  4.3841e+02 -4.7164e+02  6.6610e+01 -3.9760e+02
  3.1154e+02 -1.1785e+02  4.3856e+02 -4.6113e+02  1.4232e+02 -3.6149e+02
  3.0053e+02 -1.0080e+02  4.4259e+02 -4.4351e+02  2.0807e+02 -3.2966e+02
  2.9165e+02 -7.5622e+01  4.5009e+02 -4.1996e+02  2.6042e+02 -3.0360e+02
  2.8563e+02 -4.3664e+01  4.6048e+02 -3.9197e+02  2.9660e+02 -2.8452e+02
  2.8309e+02 -6.6358e+00  4.7302e+02 -3.6125e+02  3.1473e+02 -2.7322e+02
  2.8441e+02  3.3487e+01  4.8686e+02 -3.2966e+02  3.1388e+02 -2.7012e+02
  2.8981e+02  7.4565e+01  5.0105e+02 -2.9910e+02  2.9411e+02 -2.7520e+02
  2.9928e+02  1.1441e+02  5.1466e+02 -2.7143e+02  2.5647e+02 -2.8798e+02
  3.1258e+02  1.5089e+02  5.2675e+02 -2.4834e+02  2.0299e+02 -3.0760e+02
  3.2928e+02  1.8206e+02  5.3650e+02 -2.3127e+02  1.3651e+02 -3.3282e+02
  3.4876e+02  2.0625e+02  5.4316e+02 -2.2136e+02  6.0552e+01 -3.6211e+02
  3.7025e+02  2.2216e+02  5.4618e+02 -2.1934e+02 -2.0842e+01 -3.9372e+02
  3.9289e+02  2.2893e+02  5.4518e+02 -2.2556e+02 -1.0335e+02 -4.2577e+02
  4.1572e+02  2.2618e+02  5.4000e+02 -2.3990e+02 -1.8260e+02 -4.5637e+02
  4.3781e+02  2.1403e+02  5.3068e+02 -2.6183e+02 -2.5438e+02 -4.8368e+02
  4.5823e+02  1.9310e+02  5.1751e+02 -2.9040e+02 -3.1487e+02 -5.0605e+02
  4.7617e+02  1.6447e+02  5.0095e+02 -3.2432e+02 -3.6086e+02 -5.2208e+02
  4.9092e+02  1.2963e+02  4.8165e+02 -3.6201e+02 -3.8990e+02 -5.3071e+02
  5.0195e+02  9.0397e+01  4.6039e+02 -4.0168e+02 -4.0042e+02 -5.3127e+02
  5.0892e+02  4.8817e+01  4.3807e+02 -4.4145e+02 -3.9186e+02 -5.2351e+02
  5.1171e+02  7.0612e+00  4.1563e+02 -4.7943e+02 -3.6464e+02 -5.0760e+02
  5.1040e+02 -3.2688e+01  3.9401e+02 -5.1380e+02 -3.2017e+02 -4.8416e+02
  5.0531e+02 -6.8358e+01  3.7412e+02 -5.4296e+02 -2.6078e+02 -4.5422e+02
  4.9693e+02 -9.8088e+01  3.5677e+02 -5.6556e+02 -1.8959e+02 -4.1910e+02
  4.8594e+02 -1.2033e+02  3.4261e+02 -5.8061e+02 -1.1032e+02 -3.8045e+02
  4.7315e+02 -1.3395e+02  3.3217e+02 -5.8750e+02 -2.7141e+01 -3.4006e+02
  4.5946e+02 -1.3824e+02  3.2573e+02 -5.8605e+02  5.5577e+01 -2.9984e+02
  4.4582e+02 -1.3300e+02  3.2338e+02 -5.7654e+02  1.3349e+02 -2.6167e+02
  4.3317e+02 -1.1854e+02  3.2500e+02 -5.5965e+02  2.0251e+02 -2.2732e+02
  4.2240e+02 -9.5647e+01  3.3023e+02 -5.3646e+02  2.5902e+02 -1.9838e+02
  4.1428e+02 -6.5560e+01  3.3855e+02 -5.0837e+02  3.0005e+02 -1.7611e+02
  4.0947e+02 -2.9893e+01  3.4926e+02 -4.7704e+02  3.2347e+02 -1.6146e+02
  4.0843e+02  9.4418e+00  3.6151e+02 -4.4430e+02  3.2806e+02 -1.5495e+02
  4.1141e+02  5.0339e+01  3.7440e+02 -4.1206e+02  3.1361e+02 -1.5668e+02
  4.1847e+02  9.0609e+01  3.8699e+02 -3.8219e+02  2.8090e+02 -1.6630e+02
  4.2944e+02  1.2810e+02  3.9832e+02 -3.5644e+02  2.3170e+02 -1.8305e+02
  4.4393e+02  1.6080e+02  4.0754e+02 -3.3632e+02  1.6862e+02 -2.0579e+02
  4.6138e+02  1.8695e+02  4.1389e+02 -3.2306e+02  9.5028e+01 -2.3306e+02
  4.8106e+02  2.0515e+02  4.1674e+02 -3.1753e+02  1.4835e+01 -2.6318e+02
  5.0211e+02  2.1440e+02  4.1567e+02 -3.2018e+02 -6.7696e+01 -2.9427e+02
  5.2362e+02  2.1419e+02  4.1046e+02 -3.3100e+02 -1.4818e+02 -3.2445e+02
  5.4463e+02  2.0449e+02  4.0109e+02 -3.4960e+02 -2.2233e+02 -3.5186e+02
  5.6422e+02  1.8580e+02  3.8779e+02 -3.7513e+02 -2.8622e+02 -3.7478e+02
  5.8152e+02  1.5906e+02  3.7096e+02 -4.0639e+02 -3.3643e+02 -3.9173e+02
  5.9581e+02  1.2566e+02  3.5120e+02 -4.4187e+02 -3.7029e+02 -4.0156e+02
  6.0649e+02  8.7333e+01  3.2928e+02 -4.7984e+02 -3.8598e+02 -4.0347e+02
  6.1317e+02  4.6074e+01  3.0605e+02 -5.1842e+02 -3.8264e+02 -3.9710e+02
  6.1568e+02  4.0316e+00  2.8245e+02 -5.5573e+02 -3.6042e+02 -3.8250e+02
  6.1403e+02 -3.6605e+01  2.5942e+02 -5.8991e+02 -3.2047e+02 -3.6018e+02
  6.0847e+02 -7.3721e+01  2.3790e+02 -6.1930e+02 -2.6487e+02 -3.3105e+02
  5.9947e+02 -1.0539e+02  2.1871e+02 -6.4246e+02 -1.9652e+02 -2.9635e+02
  5.8763e+02 -1.2996e+02  2.0257e+02 -6.5830e+02 -1.1901e+02 -2.5766e+02
  5.7375e+02 -1.4618e+02  1.9004e+02 -6.6609e+02 -3.6402e+01 -2.1673e+02
  5.5871e+02 -1.5321e+02  1.8146e+02 -6.6555e+02  4.6969e+01 -1.7545e+02
  5.4343e+02 -1.5072e+02  1.7699e+02 -6.5682e+02  1.2673e+02 -1.3571e+02
  5.2888e+02 -1.3887e+02  1.7655e+02 -6.4047e+02  1.9869e+02 -9.9334e+01
  5.1595e+02 -1.1832e+02  1.7987e+02 -6.1747e+02  2.5909e+02 -6.7961e+01
  5.0547e+02 -9.0184e+01  1.8646e+02 -5.8914e+02  3.0477e+02 -4.2962e+01
  4.9811e+02 -5.5983e+01  1.9565e+02 -5.5709e+02  3.3333e+02 -2.5372e+01
  4.9441e+02 -1.7556e+01  2.0666e+02 -5.2310e+02  3.4330e+02 -1.5833e+01
  4.9468e+02  2.3036e+01  2.1858e+02 -4.8906e+02  3.3419e+02 -1.4562e+01
  4.9902e+02  6.3615e+01  2.3047e+02 -4.5688e+02  3.0651e+02 -2.1337e+01
  5.0733e+02  1.0201e+02  2.4139e+02 -4.2834e+02  2.6174e+02 -3.5511e+01
  5.1928e+02  1.3614e+02  2.5045e+02 -4.0502e+02  2.0229e+02 -5.6044e+01
  5.3435e+02  1.6420e+02  2.5684e+02 -3.8826e+02  1.3132e+02 -8.1561e+01
  5.5186e+02  1.8465e+02  2.5991e+02 -3.7902e+02  5.2623e+01 -1.1042e+02
  5.7099e+02  1.9638e+02  2.5917e+02 -3.7786e+02 -2.9628e+01 -1.4081e+02
  5.9082e+02  1.9875e+02  2.5435e+02 -3.8492e+02 -1.1105e+02 -1.7082e+02
  6.1042e+02  1.9158e+02  2.4537e+02 -3.9990e+02 -1.8732e+02 -1.9858e+02
  6.2883e+02  1.7524e+02  2.3239e+02 -4.2207e+02 -2.5436e+02 -2.2233e+02
  6.4519e+02  1.5053e+02  2.1577e+02 -4.5034e+02 -3.0862e+02 -2.4051e+02
  6.5870e+02  1.1875e+02  1.9605e+02 -4.8327e+02 -3.4719e+02 -2.5187e+02
  6.6875e+02  8.1527e+01  1.7396e+02 -5.1918e+02 -3.6801e+02 -2.5551e+02
  6.7489e+02  4.0797e+01  1.5033e+02 -5.5624e+02 -3.6994e+02 -2.5094e+02
  6.7687e+02 -1.3224e+00  1.2608e+02 -5.9254e+02 -3.5285e+02 -2.3810e+02
  6.7465e+02 -4.2641e+01  1.0217e+02 -6.2620e+02 -3.1762e+02 -2.1738e+02
  6.6844e+02 -8.1011e+01  7.9519e+01 -6.5551e+02 -2.6607e+02 -1.8956e+02
  6.5862e+02 -1.1444e+02  5.9005e+01 -6.7896e+02 -2.0089e+02 -1.5582e+02
  6.4577e+02 -1.4119e+02  4.1375e+01 -6.9535e+02 -1.2550e+02 -1.1764e+02
  6.3065e+02 -1.5990e+02  2.7231e+01 -7.0385e+02 -4.3848e+01 -7.6732e+01
  6.1410e+02 -1.6959e+02  1.6988e+01 -7.0405e+02  3.9777e+01 -3.4963e+01
  5.9705e+02 -1.6975e+02  1.0873e+01 -6.9598e+02  1.2094e+02  5.7471e+00
  5.8051e+02 -1.5953e+02  9.2336e+00 -6.8018e+02  1.9371e+02  4.2850e+01
  5.6544e+02 -1.4060e+02  1.1374e+01 -6.5758e+02  2.5617e+02  7.5475e+01
  5.5265e+02 -1.1385e+02  1.6903e+01 -6.2940e+02  3.0491e+02  1.0215e+02
  5.4288e+02 -8.0708e+01  2.5197e+01 -5.9714e+02  3.3738e+02  1.2177e+02
  5.3667e+02 -4.2969e+01  3.5481e+01 -5.6253e+02  3.5190e+02  1.3359e+02
  5.3437e+02 -2.6576e+00  4.6877e+01 -5.2739e+02  3.4774e+02  1.3730e+02
  5.3615e+02  3.8061e+01  5.8444e+01 -4.9360e+02  3.2513e+02  1.3301e+02
  5.4193e+02  7.6995e+01  6.9232e+01 -4.6294e+02  2.8533e+02  1.2126e+02
  5.5142e+02  1.1203e+02  7.8326e+01 -4.3703e+02  2.3048e+02  1.0297e+02
  5.6413e+02  1.4097e+02  8.4773e+01 -4.1724e+02  1.6400e+02  7.9621e+01
  5.7942e+02  1.6344e+02  8.8394e+01 -4.0456e+02  8.8548e+01  5.2382e+01
  5.9654e+02  1.7747e+02  8.8351e+01 -3.9969e+02  8.4023e+00  2.3107e+01
  6.1460e+02  1.8222e+02  8.4274e+01 -4.0289e+02 -7.2097e+01 -6.3240e+00
  6.3266e+02  1.7738e+02  7.6035e+01 -4.1398e+02 -1.4866e+02 -3.4046e+01
  6.4976e+02  1.6318e+02  6.3729e+01 -4.3235e+02 -2.1719e+02 -5.8289e+01
  6.6500e+02  1.4032e+02  4.7666e+01 -4.5702e+02 -2.7406e+02 -7.7468e+01
  6.7758e+02  1.0998e+02  2.8356e+01 -4.8667e+02 -3.1621e+02 -9.0266e+01
  6.8680e+02  7.3724e+01  6.4808e+00 -5.1970e+02 -3.4140e+02 -9.5703e+01
  6.9218e+02  3.3435e+01 -1.7143e+01 -5.5434e+02 -3.4827e+02 -9.3189e+01
  6.9342e+02 -8.7860e+00 -4.1602e+01 -5.8872e+02 -3.3642e+02 -8.2558e+01
  6.9044e+02 -5.0669e+01 -6.5913e+01 -6.2102e+02 -3.0675e+02 -6.4193e+01
  6.8290e+02 -9.9520e+01 -9.3065e+01 -6.4930e+02 -2.5635e+02 -3.6910e+01
  6.7070e+02 -1.4347e+02 -1.1808e+02 -6.7182e+02 -1.9194e+02 -3.5573e+00
  6.5445e+02 -1.8017e+02 -1.3995e+02 -6.8733e+02 -1.1693e+02  3.4391e+01
  6.3497e+02 -2.0771e+02 -1.5783e+02 -6.9498e+02 -3.5252e+01  7.5226e+01
  6.1326e+02 -2.2467e+02 -1.7111e+02 -6.9430e+02  4.8814e+01  1.1709e+02
  5.9042e+02 -2.3019e+02 -1.7941e+02 -6.8528e+02  1.3086e+02  1.5806e+02
  5.6761e+02 -2.2401e+02 -1.8263e+02 -6.6834e+02  2.0657e+02  1.9627e+02
  5.4599e+02 -2.0650e+02 -1.8092e+02 -6.4432e+02  2.7199e+02  2.3000e+02
  5.2666e+02 -1.7860e+02 -1.7469e+02 -6.1441e+02  3.2369e+02  2.5776e+02
  5.1057e+02 -1.4183e+02 -1.6459e+02 -5.8013e+02  3.5896e+02  2.7838e+02
  4.9852e+02 -9.8158e+01 -1.5149e+02 -5.4322e+02  3.7599e+02  2.9107e+02
  4.9109e+02 -4.9934e+01 -1.3640e+02 -5.0557e+02  3.7389e+02  2.9543e+02
  4.8860e+02  2.6593e-01 -1.2044e+02 -4.6908e+02  3.5281e+02  2.9155e+02
  4.9112e+02  4.9756e+01 -1.0478e+02 -4.3560e+02  3.1390e+02  2.7990e+02
  4.9844e+02  9.5889e+01 -9.0558e+01 -4.0683e+02  2.5923e+02  2.6140e+02
  5.1011e+02  1.3619e+02 -7.8853e+01 -3.8419e+02  1.9173e+02  2.3731e+02
  5.2541e+02  1.6851e+02 -7.0602e+01 -3.6879e+02  1.1499e+02  2.0920e+02
  5.4348e+02  1.9109e+02 -6.6560e+01 -3.6136e+02  3.3103e+01  1.7883e+02
  5.6327e+02  2.0272e+02 -6.7258e+01 -3.6220e+02 -4.9587e+01  1.4809e+02
  5.8364e+02  2.0274e+02 -7.2977e+01 -3.7116e+02 -1.2868e+02  1.1890e+02
  6.0343e+02  1.9113e+02 -8.3732e+01 -3.8767e+02 -1.9996e+02  9.3079e+01
  6.2149e+02  1.6845e+02 -9.9269e+01 -4.1076e+02 -2.5965e+02  7.2275e+01
  6.3678e+02  1.3588e+02 -1.1908e+02 -4.3911e+02 -3.0454e+02  5.7869e+01
  6.4839e+02  9.5107e+01 -1.4244e+02 -4.7110e+02 -3.3226e+02  5.0903e+01
  6.5560e+02  4.8246e+01 -1.6842e+02 -5.0493e+02 -3.4130e+02  5.2024e+01
  6.5792e+02 -2.2563e+00 -1.9596e+02 -5.3871e+02 -3.3115e+02  6.1451e+01
  6.5512e+02 -5.3765e+01 -2.2392e+02 -5.7054e+02 -3.0233e+02  7.8964e+01
  6.4722e+02 -1.0359e+02 -2.5112e+02 -5.9861e+02 -2.5633e+02  1.0391e+02
  6.3454e+02 -1.4914e+02 -2.7644e+02 -6.2131e+02 -1.9555e+02  1.3525e+02
  6.1762e+02 -1.8802e+02 -2.9885e+02 -6.3733e+02 -1.2317e+02  1.7161e+02
  5.9723e+02 -2.1823e+02 -3.1746e+02 -6.4568e+02 -4.2982e+01  2.1133e+02
  5.7432e+02 -2.3820e+02 -3.3161e+02 -6.4580e+02  4.0799e+01  2.5258e+02
  5.4997e+02 -2.4690e+02 -3.4084e+02 -6.3755e+02  1.2378e+02  2.9346e+02
  5.2533e+02 -2.4391e+02 -3.4497e+02 -6.2122e+02  2.0160e+02  3.3207e+02
  5.0157e+02 -2.2941e+02 -3.4408e+02 -5.9754e+02  2.7019e+02  3.6665e+02
  4.7980e+02 -2.0421e+02 -3.3851e+02 -5.6761e+02  3.2594e+02  3.9563e+02
  4.6104e+02 -1.6966e+02 -3.2886e+02 -5.3288e+02  3.6594e+02  4.1775e+02
  4.4612e+02 -1.2762e+02 -3.1592e+02 -4.9502e+02  3.8811e+02  4.3209e+02
  4.3569e+02 -8.0340e+01 -3.0069e+02 -4.5589e+02  3.9129e+02  4.3816e+02
  4.3015e+02 -3.0352e+01 -2.8425e+02 -4.1740e+02  3.7536e+02  4.3590e+02
  4.2962e+02  1.9676e+01 -2.6776e+02 -3.8143e+02  3.4117e+02  4.2569e+02
  4.3399e+02  6.7072e+01 -2.5239e+02 -3.4972e+02  2.9057e+02  4.0832e+02
  4.4287e+02  1.0930e+02 -2.3923e+02 -3.2378e+02  2.2624e+02  3.8496e+02
  4.5561e+02  1.4410e+02 -2.2926e+02 -3.0481e+02  1.5162e+02  3.5711e+02
  4.7137e+02  1.6961e+02 -2.2329e+02 -2.9366e+02  7.0664e+01  3.2647e+02
  4.8917e+02  1.8445e+02 -2.2192e+02 -2.9075e+02 -1.2314e+01  2.9492e+02
  5.0788e+02  1.8781e+02 -2.2551e+02 -2.9605e+02 -9.2910e+01  2.6437e+02
  5.2634e+02  1.7947e+02 -2.3414e+02 -3.0911e+02 -1.6684e+02  2.3668e+02
  5.4340e+02  1.5985e+02 -2.4763e+02 -3.2906e+02 -2.3018e+02  2.1356e+02
  5.5797e+02  1.2997e+02 -2.6555e+02 -3.5468e+02 -2.7955e+02  1.9647e+02
  5.6910e+02  9.1357e+01 -2.8722e+02 -3.8442e+02 -3.1232e+02  1.8655e+02
  5.7601e+02  4.6038e+01 -3.1176e+02 -4.1652e+02 -3.2674e+02  1.8456e+02
  5.7816e+02 -3.6252e+00 -3.3816e+02 -4.4912e+02 -3.2201e+02  1.9084e+02
  5.7523e+02 -5.5038e+01 -3.6528e+02 -4.8029e+02 -2.9838e+02  2.0531e+02
  5.6718e+02 -1.0551e+02 -3.9195e+02 -5.0820e+02 -2.5705e+02  2.2741e+02
  5.5425e+02 -1.5241e+02 -4.1703e+02 -5.3118e+02 -2.0019e+02  2.5622e+02
  5.3690e+02 -1.9328e+02 -4.3946e+02 -5.4782e+02 -1.3078e+02  2.9045e+02
  5.1586e+02 -2.2599e+02 -4.5831e+02 -5.5704e+02 -5.2454e+01  3.2850e+02
  4.9204e+02 -2.4884e+02 -4.7283e+02 -5.5815e+02  3.0664e+01  3.6860e+02
  4.6647e+02 -2.6065e+02 -4.8253e+02 -5.5089e+02  1.1421e+02  4.0884e+02
  4.4029e+02 -2.6083e+02 -4.8713e+02 -5.3544e+02  1.9379e+02  4.4733e+02
  4.1469e+02 -2.4938e+02 -4.8664e+02 -5.1241e+02  2.6524e+02  4.8224e+02
  3.9079e+02 -2.2694e+02 -4.8135e+02 -4.8279e+02  3.2479e+02  5.1195e+02
  3.6963e+02 -1.9472e+02 -4.7176e+02 -4.4795e+02  3.6932e+02  5.3509e+02
  3.5211e+02 -1.5445e+02 -4.5864e+02 -4.0951e+02  3.9651e+02  5.5067e+02
  3.3893e+02 -1.0828e+02 -4.4291e+02 -3.6928e+02  4.0493e+02  5.5806e+02
  3.3057e+02 -5.8678e+01 -4.2565e+02 -3.2916e+02  3.9418e+02  5.5708e+02
  3.2723e+02 -8.2790e+00 -4.0800e+02 -2.9107e+02  3.6482e+02  5.4799e+02
  3.2885e+02  4.0225e+01 -3.9113e+02 -2.5677e+02  3.1845e+02  5.3146e+02
  3.3512e+02  8.4249e+01 -3.7616e+02 -2.2786e+02  2.5752e+02  5.0857e+02
  3.4547e+02  1.2144e+02 -3.6411e+02 -2.0565e+02  1.8528e+02  4.8073e+02
  3.5911e+02  1.4982e+02 -3.5584e+02 -1.9106e+02  1.0555e+02  4.4959e+02
  3.7509e+02  1.6786e+02 -3.5201e+02 -1.8464e+02  2.2587e+01  4.1700e+02
  3.9231e+02  1.7458e+02 -3.5306e+02 -1.8650e+02 -5.9226e+01  3.8487e+02
  4.0961e+02  1.6960e+02 -3.5913e+02 -1.9630e+02 -1.3554e+02  3.5508e+02
  4.2584e+02  1.5317e+02 -3.7013e+02 -2.1329e+02 -2.0231e+02  3.2939e+02
  4.3989e+02  1.2614e+02 -3.8568e+02 -2.3633e+02 -2.5599e+02  3.0934e+02
  4.5076e+02  8.9902e+01 -4.0518e+02 -2.6396e+02 -2.9372e+02  2.9617e+02
  4.5763e+02  4.6354e+01 -4.2781e+02 -2.9447e+02 -3.1350e+02  2.9074e+02
  4.5987e+02 -2.2244e+00 -4.5257e+02 -3.2602e+02 -3.1425e+02  2.9353e+02
  4.5710e+02 -5.3289e+01 -4.7836e+02 -3.5669e+02 -2.9593e+02  3.0455e+02
  4.4921e+02 -1.0416e+02 -5.0403e+02 -3.8460e+02 -2.5948e+02  3.2339e+02
  4.3636e+02 -1.5218e+02 -5.2840e+02 -4.0804e+02 -2.0681e+02  3.4923e+02
  4.1896e+02 -1.9483e+02 -5.5038e+02 -4.2551e+02 -1.4069e+02  3.8086e+02
  3.9765e+02 -2.2987e+02 -5.6902e+02 -4.3584e+02 -6.4584e+01  4.1678e+02
  3.7330e+02 -2.5547e+02 -5.8351e+02 -4.3823e+02  1.7495e+01  4.5524e+02
  3.4692e+02 -2.7031e+02 -5.9327e+02 -4.3229e+02  1.0123e+02  4.9437e+02
  3.1962e+02 -2.7361e+02 -5.9797e+02 -4.1807e+02  1.8222e+02  5.3226e+02
  2.9259e+02 -2.6523e+02 -5.9754e+02 -3.9608e+02  2.5619e+02  5.6706e+02
  2.6695e+02 -2.4561e+02 -5.9219e+02 -3.6720e+02  3.1926e+02  5.9707e+02
  2.4380e+02 -2.1582e+02 -5.8237e+02 -3.3270e+02  3.6811e+02  6.2086e+02
  2.2408e+02 -1.7745e+02 -5.6876e+02 -2.9414e+02  4.0018e+02  6.3731e+02
  2.0853e+02 -1.3254e+02 -5.5227e+02 -2.5328e+02  4.1378e+02  6.4569e+02
  1.9771e+02 -8.3487e+01 -5.3392e+02 -2.1203e+02  4.0821e+02  6.4571e+02
  1.9189e+02 -3.2890e+01 -5.1485e+02 -1.7227e+02  3.8378e+02  6.3748e+02
  1.9109e+02  1.6559e+01 -4.9622e+02 -1.3586e+02  3.4180e+02  6.2158e+02
  1.9507e+02  6.2231e+01 -4.7918e+02 -1.0443e+02  2.8449e+02  5.9897e+02
  2.0333e+02  1.0170e+02 -4.6478e+02 -7.9372e+01  2.1489e+02  5.7098e+02
  2.1513e+02  1.3286e+02 -4.5393e+02 -6.1738e+01  1.3670e+02  5.3921e+02
  2.2957e+02  1.5405e+02 -4.4735e+02 -5.2181e+01  5.4053e+01  5.0545e+02
  2.4557e+02  1.6415e+02 -4.4553e+02 -5.0930e+01 -2.8668e+01  4.7160e+02
  2.6201e+02  1.6259e+02 -4.4871e+02 -5.7771e+01 -1.0708e+02  4.3957e+02
  2.7770e+02  1.4945e+02 -4.5687e+02 -7.2064e+01 -1.7704e+02  4.1116e+02
  2.9153e+02  1.2540e+02 -4.6970e+02 -9.2772e+01 -2.3483e+02  3.8798e+02
  3.0246e+02  9.1713e+01 -4.8666e+02 -1.1852e+02 -2.7739e+02  3.7136e+02
  3.0961e+02  5.0144e+01 -5.0699e+02 -1.4766e+02 -3.0246e+02  3.6227e+02
  3.1230e+02  2.8768e+00 -5.2973e+02 -1.7838e+02 -3.0872e+02  3.6131e+02
  3.1008e+02 -4.7604e+01 -5.5381e+02 -2.0877e+02 -2.9581e+02  3.6860e+02
  3.0276e+02 -9.8644e+01 -5.7807e+02 -2.3692e+02 -2.6440e+02  3.8387e+02
  2.9042e+02 -1.4756e+02 -6.0136e+02 -2.6108e+02 -2.1616e+02  4.0640e+02
  2.7340e+02 -1.9178e+02 -6.2254e+02 -2.7968e+02 -1.5362e+02  4.3508e+02
  2.5230e+02 -2.2898e+02 -6.4062e+02 -2.9144e+02 -8.0071e+01  4.6849e+02
  2.2791e+02 -2.5721e+02 -6.5474e+02 -2.9545e+02  6.1017e-01  5.0494e+02
  2.0121e+02 -2.7498e+02 -6.6427e+02 -2.9122e+02  8.4168e+01  5.4258e+02
  1.7329e+02 -2.8137e+02 -6.6880e+02 -2.7867e+02  1.6620e+02  5.7950e+02
  1.4533e+02 -2.7604e+02 -6.6818e+02 -2.5818e+02  2.4237e+02  6.1382e+02
  1.1847e+02 -2.5930e+02 -6.6254e+02 -2.3053e+02  3.0868e+02  6.4381e+02
  9.3818e+01 -2.3204e+02 -6.5228e+02 -1.9689e+02  3.6162e+02  6.6794e+02
  7.2364e+01 -1.9569e+02 -6.3801e+02 -1.5874e+02  3.9840e+02  6.8500e+02
  5.4919e+01 -1.5220e+02 -6.2058e+02 -1.1781e+02  4.1709e+02  6.9414e+02
  4.2087e+01 -1.0385e+02 -6.0099e+02 -7.5963e+01  4.1670e+02  6.9496e+02
  3.4226e+01 -5.3201e+01 -5.8035e+02 -3.5111e+01  3.9724e+02  6.8744e+02
  3.1437e+01 -2.8132e+00 -5.5982e+02  2.8768e+00  3.5962e+02  6.7206e+02
  3.3644e+01  3.5437e+01 -5.4058e+02  3.6209e+01  3.1493e+02  6.4966e+02
  3.8434e+01  6.8015e+01 -5.2349e+02  7.3541e+01  3.3800e+02  6.2028e+02
  4.7051e+01  1.0306e+02 -5.0928e+02  1.0324e+02  2.5371e+02  5.8431e+02
  5.8760e+01  1.2955e+02 -4.9877e+02  1.2392e+02  1.5866e+02  5.4365e+02
  7.2626e+01  1.4601e+02 -4.9256e+02  1.3478e+02  5.7962e+01  5.0048e+02
  8.7595e+01  1.5151e+02 -4.9102e+02  1.3551e+02 -4.3022e+01  4.5713e+02
  1.0255e+02  1.4562e+02 -4.9430e+02  1.2635e+02 -1.3876e+02  4.1590e+02
  1.1620e+02  1.2674e+02 -5.0224e+02  1.1333e+02 -1.2077e+02  3.7899e+02
