  2.0000e-05  5.0000e-06
  1.9999e-05 -6.0199e+03
 -3.5673e+03 -2.6311e+04
 -7.1347e+03 -4.6602e+04
 -1.0702e+04 -6.6891e+04
 -1.4269e+04 -8.7178e+04
 -1.7835e+04 -1.0746e+05
 -2.1401e+04 -1.2774e+05
 -2.4966e+04 -1.4802e+05
 -2.8529e+04 -1.6829e+05
 -3.2092e+04 -1.8855e+05
 -3.5654e+04 -2.0880e+05
 -3.9213e+04 -2.2905e+05
 -4.2772e+04 -2.4929e+05
 -4.6328e+04 -2.6951e+05
 -4.9882e+04 -2.8972e+05
 -5.3435e+04 -3.0993e+05
 -5.6985e+04 -3.3011e+05
 -6.0532e+04 -3.5029e+05
 -6.4077e+04 -3.7045e+05
 -6.7619e+04 -3.9059e+05
 -7.1158e+04 -4.1071e+05
 -7.4694e+04 -4.3082e+05
 -7.8226e+04 -4.5091e+05
 -8.1755e+04 -4.7097e+05
 -8.5281e+04 -4.9102e+05
 -8.8803e+04 -5.1104e+05
 -9.2320e+04 -5.3105e+05
 -9.5834e+04 -5.5102e+05
 -9.9343e+04 -5.7098e+05
 -1.0285e+05 -5.9090e+05
 -1.0635e+05 -6.1080e+05
 -1.0984e+05 -6.3068e+05
 -1.1333e+05 -6.5052e+05
 -1.1682e+05 -6.7034e+05
 -1.2030e+05 -6.9013e+05
 -1.2377e+05 -7.0988e+05
 -1.2724e+05 -7.2960e+05
 -1.3071e+05 -7.4929e+05
 -1.3416e+05 -7.6895e+05
 -1.3762e+05 -7.8857e+05
 -1.4106e+05 -8.0815e+05
 -1.4450e+05 -8.2770e+05
 -1.4793e+05 -8.4721e+05
 -1.5136e+05 -8.6668e+05
 -1.5478e+05 -8.8612e+05
 -1.5819e+05 -9.0551e+05
 -1.6159e+05 -9.2486e+05
 -1.6499e+05 -9.4417e+05
 -1.6838e+05 -9.6344e+05
