  2.0000e+01  5.0000e-01
  1.9990e+01  9.1333e-01
  1.9976e+01  1.2330e+00
  1.9960e+01  1.4529e+00
  1.9947e+01  1.5680e+00
  1.9940e+01  1.5748e+00
  1.9939e+01  1.4713e+00
  1.9944e+01  1.2574e+00
  1.9956e+01  9.3489e-01
  1.9971e+01  5.0717e-01
  1.9985e+01 -2.0712e-02
  1.9996e+01 -6.4240e-01
  1.9996e+01 -1.3505e+00
  1.9982e+01 -2.1369e+00
  1.9948e+01 -2.9930e+00
  1.9888e+01 -3.9099e+00
  1.9798e+01 -4.8786e+00
  1.9674e+01 -5.8902e+00
  1.9512e+01 -6.9358e+00
  1.9307e+01 -8.0068e+00
  1.9059e+01 -9.0948e+00
  1.8764e+01 -1.0192e+01
  1.8422e+01 -1.1289e+01
  1.8030e+01 -1.2380e+01
  1.7589e+01 -1.3457e+01
  1.7099e+01 -1.4513e+01
  1.6560e+01 -1.5542e+01
  1.5973e+01 -1.6536e+01
  1.5341e+01 -1.7491e+01
  1.4664e+01 -1.8400e+01
  1.3946e+01 -1.9259e+01
  1.3189e+01 -2.0062e+01
  1.2396e+01 -2.0806e+01
  1.1572e+01 -2.1486e+01
  1.0719e+01 -2.2098e+01
  9.8417e+00 -2.2641e+01
  8.9455e+00 -2.3112e+01
  8.0347e+00 -2.3509e+01
  7.1147e+00 -2.3830e+01
  6.1908e+00 -2.4074e+01
  5.2689e+00 -2.4243e+01
  4.3551e+00 -2.4336e+01
  3.4557e+00 -2.4355e+01
  2.5775e+00 -2.4302e+01
  1.7275e+00 -2.4179e+01
  9.1309e-01 -2.3991e+01
  1.4200e-01 -2.3741e+01
 -5.7758e-01 -2.3436e+01
 -1.2371e+00 -2.3081e+01
 -1.8274e+00 -2.2683e+01
 -2.3392e+00 -2.2251e+01
 -2.7625e+00 -2.1794e+01
 -3.0871e+00 -2.1321e+01
 -3.3027e+00 -2.0843e+01
 -3.3991e+00 -2.0368e+01
 -3.3670e+00 -1.9907e+01
 -3.1982e+00 -1.9468e+01
 -2.8865e+00 -1.9058e+01
 -2.4284e+00 -1.8680e+01
 -1.8238e+00 -1.8335e+01
 -1.0763e+00 -1.8023e+01
 -1.9294e-01 -1.7739e+01
  8.1635e-01 -1.7477e+01
  1.9392e+00 -1.7231e+01
  3.1617e+00 -1.6992e+01
  4.4691e+00 -1.6754e+01
  5.8468e+00 -1.6510e+01
  7.2799e+00 -1.6253e+01
  8.7542e+00 -1.5977e+01
  1.0256e+01 -1.5679e+01
  1.1773e+01 -1.5354e+01
  1.3291e+01 -1.5000e+01
  1.4800e+01 -1.4615e+01
  1.6289e+01 -1.4196e+01
  1.7746e+01 -1.3743e+01
  1.9163e+01 -1.3256e+01
  2.0528e+01 -1.2735e+01
  2.1835e+01 -1.2180e+01
  2.3074e+01 -1.1593e+01
  2.4239e+01 -1.0976e+01
  2.5321e+01 -1.0329e+01
  2.6314e+01 -9.6563e+00
  2.7213e+01 -8.9596e+00
  2.8012e+01 -8.2419e+00
  2.8707e+01 -7.5065e+00
  2.9293e+01 -6.7569e+00
  2.9768e+01 -5.9967e+00
  3.0128e+01 -5.2300e+00
  3.0372e+01 -4.4610e+00
  3.0499e+01 -3.6943e+00
  3.0509e+01 -2.9344e+00
  3.0401e+01 -2.1864e+00
  3.0178e+01 -1.4554e+00
  2.9841e+01 -7.4705e-01
  2.9394e+01 -6.7077e-02
  2.8840e+01  5.7833e-01
  2.8184e+01  1.1826e+00
  2.7434e+01  1.7385e+00
  2.6595e+01  2.2385e+00
  2.5677e+01  2.6740e+00
  2.4689e+01  3.0357e+00
  2.3643e+01  3.3129e+00
  2.2552e+01  3.4939e+00
  2.1432e+01  3.5653e+00
  2.0298e+01  3.5122e+00
  1.9170e+01  3.3181e+00
  1.8068e+01  2.9657e+00
  1.7011e+01  2.4380e+00
  1.6019e+01  1.7204e+00
  1.5109e+01  8.0301e-01
  1.4291e+01 -3.1602e-01
  1.3570e+01 -1.6295e+00
  1.2942e+01 -3.1212e+00
  1.2399e+01 -4.7683e+00
  1.1929e+01 -6.5444e+00
  1.1516e+01 -8.4218e+00
  1.1148e+01 -1.0374e+01
  1.0811e+01 -1.2376e+01
  1.0496e+01 -1.4406e+01
  1.0193e+01 -1.6442e+01
  9.8952e+00 -1.8467e+01
  9.5974e+00 -2.0462e+01
  9.2952e+00 -2.2412e+01
  8.9852e+00 -2.4303e+01
  8.6650e+00 -2.6122e+01
  8.3328e+00 -2.7855e+01
  7.9876e+00 -2.9492e+01
  7.6287e+00 -3.1022e+01
  7.2561e+00 -3.2435e+01
  6.8701e+00 -3.3723e+01
  6.4711e+00 -3.4877e+01
  6.0601e+00 -3.5890e+01
  5.6382e+00 -3.6756e+01
  5.2069e+00 -3.7470e+01
  4.7678e+00 -3.8026e+01
  4.3227e+00 -3.8422e+01
  3.8735e+00 -3.8654e+01
  3.4225e+00 -3.8721e+01
  2.9721e+00 -3.8621e+01
  2.5247e+00 -3.8355e+01
  2.0831e+00 -3.7924e+01
  1.6500e+00 -3.7329e+01
  1.2286e+00 -3.6574e+01
  8.2206e-01 -3.5663e+01
  4.3387e-01 -3.4600e+01
  6.7777e-02 -3.3393e+01
 -2.7216e-01 -3.2048e+01
 -5.8146e-01 -3.0574e+01
 -8.5513e-01 -2.8981e+01
 -1.0875e+00 -2.7280e+01
 -1.2718e+00 -2.5484e+01
 -1.4005e+00 -2.3608e+01
 -1.4638e+00 -2.1669e+01
 -1.4502e+00 -1.9688e+01
 -1.3446e+00 -1.7687e+01
 -1.1278e+00 -1.5694e+01
 -7.7468e-01 -1.3743e+01
 -2.5279e-01 -1.1872e+01
  4.7896e-01 -1.0125e+01
  1.4687e+00 -8.5485e+00
  2.7644e+00 -7.1811e+00
  4.3986e+00 -6.0435e+00
  6.3699e+00 -5.1299e+00
  8.6380e+00 -4.4122e+00
  1.1138e+01 -3.8526e+00
  1.3799e+01 -3.4153e+00
  1.6561e+01 -3.0706e+00
  1.9374e+01 -2.7964e+00
  2.2197e+01 -2.5762e+00
  2.4998e+01 -2.3980e+00
  2.7748e+01 -2.2531e+00
  3.0424e+01 -2.1348e+00
  3.3005e+01 -2.0381e+00
  3.5473e+01 -1.9592e+00
  3.7810e+01 -1.8951e+00
  4.0001e+01 -1.8435e+00
  4.2032e+01 -1.8026e+00
  4.3890e+01 -1.7708e+00
  4.5565e+01 -1.7469e+00
  4.7044e+01 -1.7300e+00
  4.8321e+01 -1.7193e+00
  4.9385e+01 -1.7140e+00
  5.0231e+01 -1.7138e+00
  5.0852e+01 -1.7181e+00
  5.1245e+01 -1.7268e+00
  5.1405e+01 -1.7396e+00
  5.1332e+01 -1.7563e+00
  5.1023e+01 -1.7770e+00
  5.0480e+01 -1.8016e+00
  4.9704e+01 -1.8305e+00
  4.8697e+01 -1.8637e+00
  4.7465e+01 -1.9017e+00
  4.6012e+01 -1.9449e+00
  4.4345e+01 -1.9941e+00
  4.2471e+01 -2.0502e+00
  4.0400e+01 -2.1142e+00
  3.8143e+01 -2.1875e+00
  3.5710e+01 -2.2721e+00
  3.3115e+01 -2.3703e+00
  3.0372e+01 -2.4852e+00
  2.7498e+01 -2.6211e+00
  2.4510e+01 -2.7836e+00
  2.1427e+01 -2.9806e+00
  1.8273e+01 -3.2233e+00
  1.5074e+01 -3.5284e+00
  1.1863e+01 -3.9216e+00
  8.6788e+00 -4.4441e+00
  5.5769e+00 -5.1661e+00
  2.6345e+00 -6.2119e+00
 -3.4276e-02 -7.8026e+00
 -2.2728e+00 -1.0272e+01
 -3.9367e+00 -1.3837e+01
 -5.0479e+00 -1.8217e+01
 -5.7865e+00 -2.2979e+01
 -6.3009e+00 -2.7877e+01
 -6.6701e+00 -3.2790e+01
 -6.9346e+00 -3.7646e+01
 -7.1162e+00 -4.2395e+01
 -7.2277e+00 -4.7001e+01
 -7.2771e+00 -5.1431e+01
 -7.2698e+00 -5.5657e+01
 -7.2097e+00 -5.9653e+01
 -7.0998e+00 -6.3396e+01
 -6.9427e+00 -6.6865e+01
 -6.7405e+00 -7.0040e+01
 -6.4952e+00 -7.2902e+01
 -6.2088e+00 -7.5437e+01
 -5.8833e+00 -7.7628e+01
 -5.5207e+00 -7.9464e+01
 -5.1231e+00 -8.0933e+01
 -4.6926e+00 -8.2025e+01
 -4.2314e+00 -8.2735e+01
 -3.7418e+00 -8.3055e+01
 -3.2263e+00 -8.2984e+01
 -2.6872e+00 -8.2518e+01
 -2.1272e+00 -8.1658e+01
 -1.5488e+00 -8.0407e+01
 -9.5469e-01 -7.8768e+01
 -3.4755e-01 -7.6748e+01
  2.6990e-01 -7.4354e+01
  8.9496e-01 -7.1598e+01
  1.5250e+00 -6.8489e+01
  2.1572e+00 -6.5043e+01
  2.7893e+00 -6.1274e+01
  3.4186e+00 -5.7200e+01
  4.0429e+00 -5.2839e+01
  4.6602e+00 -4.8213e+01
  5.2688e+00 -4.3343e+01
  5.8674e+00 -3.8252e+01
  6.4553e+00 -3.2968e+01
  7.0328e+00 -2.7517e+01
  7.6015e+00 -2.1929e+01
  8.1655e+00 -1.6237e+01
  8.7326e+00 -1.0478e+01
  9.3187e+00 -4.6960e+00
  9.9567e+00  1.0478e+00
  1.0726e+01  6.6528e+00
  1.1885e+01  1.1883e+01
  1.5081e+01  1.5814e+01
  6.6942e+06  1.6299e+01
  1.3388e+07  1.6709e+01
  2.0050e+07  1.7040e+01
  2.6648e+07  1.7290e+01
  3.3149e+07  1.7459e+01
  3.9522e+07  1.7544e+01
  4.5735e+07  1.7545e+01
  5.1759e+07  1.7462e+01
  5.7562e+07  1.7295e+01
  6.3116e+07  1.7043e+01
  6.8394e+07  1.6709e+01
  7.3367e+07  1.6292e+01
  7.8012e+07  1.5795e+01
  8.2304e+07  1.5219e+01
  8.6220e+07  1.4568e+01
  8.9741e+07  1.3843e+01
  9.2847e+07  1.3049e+01
  9.5521e+07  1.2188e+01
  9.7748e+07  1.1263e+01
  9.9516e+07  1.0281e+01
  1.0081e+08  9.2439e+00
  1.0163e+08  8.1576e+00
  1.0197e+08  7.0268e+00
  1.0181e+08  5.8568e+00
  1.0117e+08  4.6529e+00
  1.0003e+08  3.4209e+00
  9.8409e+07  2.1665e+00
  9.6306e+07  8.9569e-01
  9.3730e+07 -3.8558e-01
  9.0690e+07 -1.6712e+00
  8.7199e+07 -2.9549e+00
  8.3272e+07 -4.2306e+00
  7.8926e+07 -5.4920e+00
  7.4179e+07 -6.7332e+00
  6.9052e+07 -7.9479e+00
  6.3568e+07 -9.1302e+00
  5.7753e+07 -1.0274e+01
  5.1631e+07 -1.1374e+01
  4.5232e+07 -1.2425e+01
  3.8584e+07 -1.3421e+01
  3.1718e+07 -1.4357e+01
  2.4668e+07 -1.5229e+01
  1.7464e+07 -1.6032e+01
  1.0142e+07 -1.6761e+01
  2.7355e+06 -1.7413e+01
 -4.7196e+06 -1.7985e+01
 -1.2188e+07 -1.8473e+01
 -1.9633e+07 -1.8874e+01
 -2.7020e+07 -1.9186e+01
 -3.4313e+07 -1.9408e+01
 -4.1475e+07 -1.9537e+01
 -4.8472e+07 -1.9573e+01
 -5.5270e+07 -1.9515e+01
 -6.1835e+07 -1.9363e+01
 -6.8134e+07 -1.9117e+01
 -7.4135e+07 -1.8778e+01
 -7.9808e+07 -1.8347e+01
 -8.5125e+07 -1.7825e+01
 -9.0058e+07 -1.7216e+01
 -9.4582e+07 -1.6520e+01
 -9.8672e+07 -1.5742e+01
 -1.0231e+08 -1.4884e+01
 -1.0547e+08 -1.3950e+01
 -1.0814e+08 -1.2945e+01
 -1.1030e+08 -1.1873e+01
 -1.1194e+08 -1.0739e+01
 -1.1305e+08 -9.5469e+00
 -1.1362e+08 -8.3036e+00
 -1.1365e+08 -7.0144e+00
 -1.1313e+08 -5.6853e+00
 -1.1206e+08 -4.3224e+00
 -1.1045e+08 -2.9321e+00
 -1.0831e+08 -1.5211e+00
 -1.0563e+08 -9.5943e-02
 -1.0242e+08  1.3365e+00
 -9.8715e+07  2.7694e+00
 -9.4514e+07  4.1959e+00
 -8.9837e+07  5.6091e+00
 -8.4705e+07  7.0021e+00
 -7.9142e+07  8.3681e+00
 -7.3170e+07  9.7004e+00
 -6.6819e+07  1.0992e+01
 -6.0115e+07  1.2238e+01
 -5.3089e+07  1.3430e+01
 -4.5775e+07  1.4564e+01
 -3.8205e+07  1.5633e+01
 -3.0415e+07  1.6632e+01
 -2.2441e+07  1.7556e+01
 -1.4321e+07  1.8400e+01
 -6.0928e+06  1.9159e+01
  2.2042e+06  1.9830e+01
  1.0531e+07  2.0408e+01
  1.8846e+07  2.0892e+01
  2.7111e+07  2.1277e+01
  3.5286e+07  2.1561e+01
  4.3330e+07  2.1743e+01
  5.1204e+07  2.1822e+01
  5.8870e+07  2.1796e+01
  6.6289e+07  2.1665e+01
  7.3426e+07  2.1429e+01
  8.0243e+07  2.1089e+01
  8.6707e+07  2.0645e+01
  9.2785e+07  2.0101e+01
  9.8446e+07  1.9457e+01
  1.0366e+08  1.8716e+01
  1.0840e+08  1.7882e+01
  1.1264e+08  1.6957e+01
  1.1637e+08  1.5947e+01
  1.1954e+08  1.4855e+01
  1.2216e+08  1.3686e+01
  1.2421e+08  1.2446e+01
  1.2566e+08  1.1140e+01
  1.2652e+08  9.7743e+00
  1.2678e+08  8.3549e+00
  1.2642e+08  6.8884e+00
  1.2546e+08  5.3818e+00
  1.2389e+08  3.8420e+00
  1.2171e+08  2.2764e+00
  1.1894e+08  6.9222e-01
  1.1558e+08 -9.0288e-01
  1.1165e+08 -2.5013e+00
  1.0717e+08 -4.0954e+00
  1.0214e+08 -5.6774e+00
  9.6607e+07 -7.2398e+00
  9.0577e+07 -8.7748e+00
  8.4083e+07 -1.0275e+01
  7.7153e+07 -1.1733e+01
  6.9818e+07 -1.3142e+01
  6.2113e+07 -1.4494e+01
  5.4071e+07 -1.5783e+01
  4.5731e+07 -1.7002e+01
  3.7131e+07 -1.8145e+01
  2.8310e+07 -1.9207e+01
  1.9311e+07 -2.0181e+01
  1.0176e+07 -2.1062e+01
  9.4781e+05 -2.1847e+01
 -8.3293e+06 -2.2531e+01
 -1.7611e+07 -2.3109e+01
 -2.6852e+07 -2.3579e+01
 -3.6009e+07 -2.3937e+01
 -4.5037e+07 -2.4183e+01
 -5.3891e+07 -2.4313e+01
 -6.2529e+07 -2.4327e+01
 -7.0908e+07 -2.4224e+01
 -7.8986e+07 -2.4003e+01
 -8.6722e+07 -2.3667e+01
 -9.4079e+07 -2.3215e+01
 -1.0102e+08 -2.2648e+01
 -1.0751e+08 -2.1971e+01
 -1.1351e+08 -2.1184e+01
 -1.1899e+08 -2.0292e+01
 -1.2393e+08 -1.9297e+01
 -1.2829e+08 -1.8206e+01
 -1.3206e+08 -1.7021e+01
 -1.3521e+08 -1.5749e+01
 -1.3773e+08 -1.4394e+01
 -1.3960e+08 -1.2965e+01
 -1.4080e+08 -1.1465e+01
 -1.4133e+08 -9.9038e+00
 -1.4119e+08 -8.2871e+00
 -1.4036e+08 -6.6227e+00
 -1.3886e+08 -4.9185e+00
 -1.3668e+08 -3.1825e+00
 -1.3383e+08 -1.4227e+00
 -1.3033e+08  3.5231e-01
 -1.2618e+08  2.1342e+00
 -1.2140e+08  3.9144e+00
 -1.1602e+08  5.6843e+00
 -1.1005e+08  7.4354e+00
 -1.0353e+08  9.1591e+00
 -9.6472e+07  1.0847e+01
 -8.8920e+07  1.2491e+01
 -8.0903e+07  1.4083e+01
 -7.2459e+07  1.5614e+01
 -6.3626e+07  1.7078e+01
 -5.4444e+07  1.8467e+01
 -4.4955e+07  1.9774e+01
 -3.5205e+07  2.0992e+01
 -2.5239e+07  2.2114e+01
 -1.5104e+07  2.3136e+01
 -4.8466e+06  2.4051e+01
  5.4831e+06  2.4855e+01
  1.5836e+07  2.5543e+01
  2.6163e+07  2.6112e+01
  3.6413e+07  2.6558e+01
  4.6538e+07  2.6878e+01
  5.6487e+07  2.7071e+01
  6.6213e+07  2.7134e+01
  7.5667e+07  2.7067e+01
  8.4802e+07  2.6869e+01
  9.3573e+07  2.6542e+01
  1.0194e+08  2.6084e+01
  1.0985e+08  2.5500e+01
  1.1727e+08  2.4790e+01
  1.2417e+08  2.3957e+01
  1.3050e+08  2.3005e+01
  1.3623e+08  2.1937e+01
  1.4133e+08  2.0759e+01
  1.4578e+08  1.9475e+01
  1.4955e+08  1.8092e+01
  1.5262e+08  1.6615e+01
  1.5497e+08  1.5051e+01
  1.5659e+08  1.3407e+01
  1.5746e+08  1.1690e+01
  1.5757e+08  9.9092e+00
  1.5693e+08  8.0719e+00
  1.5553e+08  6.1870e+00
  1.5338e+08  4.2633e+00
  1.5047e+08  2.3098e+00
  1.4683e+08  3.3581e-01
  1.4247e+08 -1.6493e+00
  1.3740e+08 -3.6360e+00
  1.3164e+08 -5.6148e+00
  1.2523e+08 -7.5761e+00
  1.1818e+08 -9.5104e+00
  1.1052e+08 -1.1408e+01
  1.0230e+08 -1.3260e+01
  9.3550e+07 -1.5058e+01
  8.4305e+07 -1.6791e+01
  7.4610e+07 -1.8452e+01
  6.4509e+07 -2.0032e+01
  5.4050e+07 -2.1524e+01
  4.3280e+07 -2.2919e+01
  3.2250e+07 -2.4210e+01
  2.1012e+07 -2.5392e+01
  9.6187e+06 -2.6456e+01
 -1.8756e+06 -2.7399e+01
 -1.3416e+07 -2.8214e+01
 -2.4948e+07 -2.8898e+01
 -3.6415e+07 -2.9446e+01
 -4.7762e+07 -2.9855e+01
 -5.8933e+07 -3.0122e+01
 -6.9875e+07 -3.0246e+01
 -8.0534e+07 -3.0224e+01
 -9.0856e+07 -3.0057e+01
 -1.0079e+08 -2.9745e+01
 -1.1029e+08 -2.9288e+01
 -1.1930e+08 -2.8688e+01
 -1.2778e+08 -2.7948e+01
 -1.3569e+08 -2.7069e+01
 -1.4299e+08 -2.6055e+01
