  1.9690e+01 -5.2295e+00  2.5040e+00  2.5253e+01
  1.9178e+01 -4.1912e+00  5.0742e+00  2.6103e+01
  1.8958e+01  1.0892e-01  7.7043e+00  2.6333e+01
  1.9236e+01  5.5344e+00  1.0303e+01  2.5420e+01
  2.0069e+01  1.1110e+01  1.2744e+01  2.3186e+01
  2.1443e+01  1.6262e+01  1.4895e+01  1.9611e+01
  2.3293e+01  2.0570e+01  1.6623e+01  1.4751e+01
  2.5517e+01  2.3685e+01  1.7804e+01  8.6482e+00
  2.7979e+01  2.5269e+01  1.8307e+01  1.1283e+00
  3.0505e+01  2.4862e+01  1.7948e+01 -8.9587e+00
  3.2848e+01  2.1349e+01  1.6269e+01 -2.6111e+01
  3.4585e+01  1.2469e+01  1.2338e+01 -5.1163e+01
  3.5180e+01 -1.0053e+00  6.4844e+00 -6.3570e+01
  3.4329e+01 -1.6096e+01 -4.5471e-02 -6.5835e+01
  3.1967e+01 -3.1011e+01 -6.4953e+00 -6.2380e+01
  2.8170e+01 -4.4622e+01 -1.2384e+01 -5.4783e+01
  2.3114e+01 -5.6076e+01 -1.7343e+01 -4.3917e+01
  1.7050e+01 -6.4710e+01 -2.1084e+01 -3.0557e+01
  1.0283e+01 -7.0044e+01 -2.3398e+01 -1.5520e+01
  3.1608e+00 -7.1795e+01 -2.4161e+01  3.1517e-01
 -3.9536e+00 -6.9891e+01 -2.3339e+01  1.6016e+01
 -1.0700e+01 -6.4481e+01 -2.0995e+01  3.0589e+01
 -1.6745e+01 -5.5958e+01 -1.7297e+01  4.2866e+01
 -2.1812e+01 -4.5065e+01 -1.2561e+01  5.0850e+01
 -2.5732e+01 -3.3411e+01 -7.4651e+00  4.8292e+01
 -2.8593e+01 -2.3932e+01 -3.2398e+00  3.6612e+01
 -3.0601e+01 -1.6292e+01  2.4458e-01  3.3929e+01
 -3.1862e+01 -8.9357e+00  3.6264e+00  3.3785e+01
 -3.2390e+01 -1.6450e+00  6.9885e+00  3.3305e+01
 -3.2200e+01  5.3983e+00  1.0248e+01  3.1666e+01
 -3.1329e+01  1.1896e+01  1.3275e+01  2.8618e+01
 -2.9850e+01  1.7514e+01  1.5923e+01  2.4096e+01
 -2.7867e+01  2.1904e+01  1.8042e+01  1.8026e+01
 -2.5523e+01  2.4662e+01  1.9462e+01  9.9032e+00
 -2.3014e+01  2.5009e+01  1.9855e+01 -3.9207e+00
 -2.0744e+01  1.8687e+01  1.7453e+01 -4.4397e+01
 -1.9632e+01  2.6459e+00  1.0997e+01 -7.7837e+01
 -2.0371e+01 -1.7655e+01  2.7693e+00 -8.4410e+01
 -2.3174e+01 -3.8307e+01 -5.5872e+00 -8.1586e+01
 -2.7987e+01 -5.7638e+01 -1.3357e+01 -7.3000e+01
 -3.4618e+01 -7.4502e+01 -2.0046e+01 -6.0202e+01
 -4.2779e+01 -8.8128e+01 -2.5316e+01 -4.5045e+01
 -5.2131e+01 -9.8476e+01 -2.9137e+01 -3.2926e+01
 -6.2504e+01 -1.1013e+02 -3.3402e+01 -5.0516e+01
 -7.4230e+01 -1.2410e+02 -3.8520e+01 -4.6912e+01
 -8.7224e+01 -1.3499e+02 -4.2233e+01 -2.5820e+01
 -1.0104e+02 -1.4035e+02 -4.3518e+01  5.2501e-01
 -1.1509e+02 -1.3958e+02 -4.2118e+01  2.7140e+01
 -1.2877e+02 -1.3322e+02 -3.8258e+01  4.8327e+01
 -1.4163e+02 -1.2340e+02 -3.2824e+01  5.8803e+01
 -1.5338e+02 -1.1091e+02 -2.6163e+01  7.4830e+01
 -1.6368e+02 -9.4337e+01 -1.7692e+01  9.4225e+01
 -1.7211e+02 -7.3676e+01 -7.4305e+00  1.1004e+02
 -1.7832e+02 -5.0126e+01  4.1036e+00  1.1866e+02
 -1.8211e+02 -2.5399e+01  1.6177e+01  1.1962e+02
 -1.8343e+02 -1.0695e+00  2.8110e+01  1.1739e+02
 -1.8237e+02  2.2010e+01  3.9525e+01  1.0874e+02
 -1.7914e+02  4.2271e+01  4.9748e+01  9.1652e+01
 -1.7411e+02  5.7754e+01  5.7945e+01  6.6948e+01
 -1.6784e+02  6.6728e+01  6.3381e+01  3.7262e+01
 -1.6106e+02  6.7445e+01  6.5322e+01 -5.7484e+00
 -1.5480e+02  5.5817e+01  6.2070e+01 -5.9023e+01
 -1.5033e+02  3.1480e+01  5.3485e+01 -1.1085e+02
 -1.4889e+02 -5.0776e+00  3.9794e+01 -1.6111e+02
 -1.5171e+02 -5.3717e+01  2.1091e+01 -2.0857e+02
 -1.5992e+02 -1.1230e+02 -1.6852e+00 -2.4231e+02
 -1.7436e+02 -1.7837e+02 -2.7460e+01 -2.6730e+02
 -1.9566e+02 -2.4890e+02 -5.4911e+01 -2.7531e+02
 -2.2406e+02 -3.2065e+02 -8.2620e+01 -2.7122e+02
 -2.5951e+02 -3.8871e+02 -1.0848e+02 -2.3969e+02
 -3.0140e+02 -4.5180e+02 -1.3188e+02 -2.1991e+02
 -3.4921e+02 -5.0061e+02 -1.4891e+02 -1.1841e+02
 -4.0074e+02 -5.3152e+02 -1.5800e+02 -6.0775e+01
 -4.5465e+02 -5.4230e+02 -1.5821e+02  5.6975e+01
 -5.0833e+02 -5.2981e+02 -1.4821e+02  1.4407e+02
 -5.5972e+02 -4.9363e+02 -1.2784e+02  2.6222e+02
 -6.0617e+02 -4.3129e+02 -9.6123e+01  3.6938e+02
 -6.4489e+02 -3.3877e+02 -5.1441e+01  5.2140e+02
 -6.7298e+02 -2.2043e+02  4.2988e+00  5.8875e+02
 -6.8856e+02 -8.9848e+01  6.5344e+01  6.2716e+02
 -6.9077e+02  4.6089e+01  1.2870e+02  6.3482e+02
 -6.7941e+02  1.8022e+02  1.9126e+02  6.1132e+02
 -6.5502e+02  3.0549e+02  2.4997e+02  5.5792e+02
 -6.1882e+02  4.1530e+02  3.0194e+02  4.7744e+02
 -5.7267e+02  5.0387e+02  3.4469e+02  3.7410e+02
 -5.1892e+02  5.6656e+02  3.7618e+02  2.5337e+02
 -4.6033e+02  6.0007e+02  3.9499e+02  1.2162e+02
 -3.9994e+02  6.0266e+02  4.0037e+02 -1.4211e+01
 -3.4084e+02  5.7422e+02  3.9225e+02 -1.4695e+02
 -2.8608e+02  5.1628e+02  3.7131e+02 -2.6959e+02
 -2.3847e+02  4.3191e+02  3.3889e+02 -3.7566e+02
 -2.0043e+02  3.2561e+02  2.9692e+02 -4.5958e+02
 -1.7389e+02  2.0300e+02  2.4786e+02 -5.1692e+02
 -1.6016e+02  7.0596e+01  1.9453e+02 -5.4466e+02
 -1.5987e+02 -6.4594e+01  1.3997e+02 -5.4134e+02
 -1.7293e+02 -1.9540e+02  8.7294e+01 -5.0715e+02
 -1.9857e+02 -3.1490e+02  3.9512e+01 -4.4391e+02
 -2.3532e+02 -4.1675e+02 -6.2763e-01 -3.5497e+02
 -2.8115e+02 -4.9554e+02 -3.0778e+01 -2.4503e+02
 -3.3352e+02 -5.4709e+02 -4.9124e+01 -1.1991e+02
 -3.8956e+02 -5.6867e+02 -5.4473e+01  1.3767e+01
 -4.4621e+02 -5.5909e+02 -4.6321e+01  1.4893e+02
 -5.0035e+02 -5.1885e+02 -2.4877e+01  2.7842e+02
 -5.4902e+02 -4.5005e+02  8.9448e+00  3.9540e+02
 -5.8953e+02 -3.5630e+02  5.3576e+01  4.9366e+02
 -6.1961e+02 -2.4252e+02  1.0688e+02  5.6802e+02
 -6.3756e+02 -1.1472e+02  1.6625e+02  6.1452e+02
 -6.4231e+02  2.0394e+01  2.2877e+02  6.3070e+02
 -6.3348e+02  1.5570e+02  2.9134e+02  6.1569e+02
 -6.1140e+02  2.8407e+02  3.5088e+02  5.7027e+02
 -5.7712e+02  3.9874e+02  4.0446e+02  4.9683e+02
 -5.3231e+02  4.9369e+02  4.4944e+02  3.9923e+02
 -4.7921e+02  5.6392e+02  4.8367e+02  2.8261e+02
 -4.2048e+02  6.0574e+02  5.0553e+02  1.5313e+02
 -3.5909e+02  6.1697e+02  5.1409e+02  1.7592e+01
 -2.9813e+02  5.9702e+02  5.0909e+02 -1.1684e+02
 -2.4069e+02  5.4699e+02  4.9099e+02 -2.4310e+02
 -1.8965e+02  4.6952e+02  4.6096e+02 -3.5452e+02
 -1.4757e+02  3.6874e+02  4.2078e+02 -4.4523e+02
 -1.1651e+02  2.4998e+02  3.7277e+02 -5.1045e+02
 -9.7963e+01  1.1954e+02  3.1966e+02 -5.4677e+02
 -9.2759e+01 -1.5662e+01  2.6445e+02 -5.5227e+02
 -1.0102e+02 -1.4848e+02  2.1025e+02 -5.2669e+02
 -1.2214e+02 -2.7186e+02  1.6011e+02 -4.7138e+02
 -1.5485e+02 -3.7929e+02  1.1687e+02 -3.8930e+02
 -1.9727e+02 -4.6506e+02  8.2999e+01 -2.8478e+02
 -2.4699e+02 -5.2462e+02  6.0477e+01 -1.6337e+02
 -3.0121e+02 -5.5480e+02  5.0675e+01 -3.1499e+01
 -3.5691e+02 -5.5401e+02  5.4294e+01  1.0385e+02
 -4.1098e+02 -5.2225e+02  7.1323e+01  2.3552e+02
 -4.6038e+02 -4.6118e+02  1.0104e+02  3.5652e+02
 -5.0234e+02 -3.7402e+02  1.4206e+02  4.6045e+02
 -5.3446e+02 -2.6535e+02  1.9238e+02  5.4181e+02
 -5.5488e+02 -1.4089e+02  2.4952e+02  5.9628e+02
 -5.6233e+02 -7.2012e+00  3.1063e+02  6.2095e+02
 -5.5625e+02  1.2868e+02  3.7267e+02  6.1452e+02
 -5.3676e+02  2.5959e+02  4.3251e+02  5.7730e+02
 -5.0473e+02  3.7864e+02  4.8716e+02  5.1123e+02
 -4.6164e+02  4.7954e+02  5.3390e+02  4.1979e+02
 -4.0960e+02  5.5700e+02  5.7043e+02  3.0779e+02
 -3.5116e+02  6.0693e+02  5.9497e+02  1.8113e+02
 -2.8923e+02  6.2671e+02  6.0639e+02  4.6467e+01
 -2.2687e+02  6.1532e+02  6.0423e+02 -8.9096e+01
 -1.6719e+02  5.7337e+02  5.8878e+02 -2.1842e+02
 -1.1314e+02  5.0310e+02  5.6098e+02 -3.3470e+02
 -6.7390e+01  4.0822e+02  5.2248e+02 -4.3181e+02
 -3.2152e+01  2.9378e+02  4.7544e+02 -5.0464e+02
 -9.0867e+00  1.6583e+02  4.2249e+02 -5.4937e+02
  7.8758e-01  3.1133e+01  3.6658e+02 -5.6365e+02
 -2.8475e+00 -1.0317e+02  3.1080e+02 -5.4675e+02
 -1.9596e+01 -2.2997e+02  2.5824e+02 -4.9959e+02
 -4.8366e+01 -3.4256e+02  2.1181e+02 -4.2468e+02
 -8.7433e+01 -4.3498e+02  1.7410e+02 -3.2599e+02
 -1.3452e+02 -5.0233e+02  1.4724e+02 -2.0877e+02
 -1.8694e+02 -5.4104e+02  1.3276e+02 -7.9215e+01
 -2.4170e+02 -5.4905e+02  1.3158e+02  5.5797e+01
 -2.9571e+02 -5.2593e+02  1.4387e+02  1.8912e+02
 -3.4589e+02 -4.7288e+02  1.6911e+02  3.1368e+02
 -3.8938e+02 -3.9270e+02  2.0609e+02  4.2288e+02
 -4.2366e+02 -2.8960e+02  2.5298e+02  5.1093e+02
 -4.4671e+02 -1.6903e+02  3.0741e+02  5.7316e+02
 -4.5709e+02 -3.7327e+01  3.6663e+02  6.0626e+02
 -4.5404e+02  9.8552e+01  4.2763e+02  6.0845e+02
 -4.3748e+02  2.3144e+02  4.8729e+02  5.7960e+02
 -4.0808e+02  3.5434e+02  5.4256e+02  5.2121e+02
 -3.6716e+02  4.6076e+02  5.9064e+02  4.3634e+02
 -3.1667e+02  5.4510e+02  6.2909e+02  3.2944e+02
 -2.5903e+02  6.0291e+02  6.5598e+02  2.0615e+02
 -1.9708e+02  6.3114e+02  6.6999e+02  7.2941e+01
 -1.3384e+02  6.2833e+02  6.7047e+02 -6.3163e+01
 -7.2444e+01  5.9461e+02  6.5750e+02 -1.9500e+02
 -1.5894e+01  5.3180e+02  6.3185e+02 -3.1563e+02
  3.3052e+01  4.4320e+02  5.9496e+02 -4.1871e+02
  7.2039e+01  3.3351e+02  5.4887e+02 -4.9881e+02
  9.9242e+01  2.0854e+02  4.9611e+02 -5.5173e+02
  1.1346e+02  7.4871e+01  4.3953e+02 -5.7470e+02
  1.1416e+02 -6.0427e+01  3.8221e+02 -5.6651e+02
  1.0155e+02 -1.9023e+02  3.2725e+02 -5.2763e+02
  7.6527e+01 -3.0770e+02  2.7764e+02 -4.6011e+02
  4.0636e+01 -4.0655e+02  2.3607e+02 -3.6753e+02
 -3.9825e+00 -4.8148e+02  2.0481e+02 -2.5482e+02
 -5.4727e+01 -5.2853e+02  1.8558e+02 -1.2797e+02
 -1.0867e+02 -5.4525e+02  1.7947e+02  6.2897e+00
 -1.6273e+02 -5.3075e+02  1.8685e+02  1.4083e+02
 -2.1380e+02 -4.8581e+02  2.0740e+02  2.6852e+02
 -2.5895e+02 -4.1279e+02  2.4010e+02  3.8259e+02
 -2.9555e+02 -3.1555e+02  2.8326e+02  4.7699e+02
 -3.2142e+02 -1.9922e+02  3.3467e+02  5.4670e+02
 -3.3496e+02 -6.9939e+01  3.9165e+02  5.8803e+02
 -3.3521e+02  6.5471e+01  4.5125e+02  5.9875e+02
 -3.2190e+02  1.9986e+02  5.1036e+02  5.7828e+02
 -2.9551e+02  3.2614e+02  5.6590e+02  5.2768e+02
 -2.5717e+02  4.3763e+02  6.1497e+02  4.4959e+02
 -2.0867e+02  5.2846e+02  6.5503e+02  3.4811e+02
 -1.5233e+02  5.9383e+02  6.8399e+02  2.2858e+02
 -9.0873e+01  6.3029e+02  7.0035e+02  9.7280e+01
 -2.7303e+01  6.3592e+02  7.0328e+02 -3.8876e+01
  3.5269e+01  6.1041e+02  6.9266e+02 -1.7272e+02
  9.3782e+01  5.5510e+02  6.6905e+02 -2.9721e+02
  1.4537e+02  4.7326e+02  6.3375e+02 -4.0573e+02
  1.8765e+02  3.6890e+02  5.8862e+02 -4.9283e+02
  2.1858e+02  2.4728e+02  5.3606e+02 -5.5375e+02
  2.3675e+02  1.1505e+02  4.7885e+02 -5.8530e+02
  2.4147e+02 -2.0783e+01  4.2004e+02 -5.8584e+02
  2.3272e+02 -1.5305e+02  3.6272e+02 -5.5536e+02
  2.1121e+02 -2.7475e+02  3.0995e+02 -4.9550e+02
  1.7833e+02 -3.7947e+02  2.6450e+02 -4.0945e+02
  1.3607e+02 -4.6167e+02  2.2878e+02 -3.0177e+02
  8.6899e+01 -5.1701e+02  2.0468e+02 -1.7819e+02
  3.3666e+01 -5.4257e+02  1.9346e+02 -4.5248e+01
 -2.0571e+01 -5.3699e+02  1.9571e+02  8.9998e+01
 -7.2699e+01 -5.0056e+02  2.1130e+02  2.2038e+02
 -1.1971e+02 -4.3514e+02  2.3939e+02  3.3898e+02
 -1.5800e+02 -3.2706e+02  2.7843e+02  4.3738e+02
 -1.8534e+02 -2.1677e+02  3.2603e+02  5.1045e+02
 -2.0089e+02 -9.2469e+01  3.7961e+02  5.5638e+02
 -2.0359e+02  3.9156e+01  4.3631e+02  5.7268e+02
 -1.9304e+02  1.7114e+02  4.9312e+02  5.5848e+02
 -1.6958e+02  2.9649e+02  5.4701e+02  5.1450e+02
 -1.3419e+02  4.0860e+02  5.9510e+02  4.4304e+02
 -8.8502e+01  5.0153e+02  6.3483e+02  3.4784e+02
 -3.4690e+01  5.7036e+02  6.6405e+02  2.3392e+02
  2.4641e+01  6.1139e+02  6.8118e+02  1.0726e+02
  6.7493e+01  2.4094e+02  6.8539e+02  2.0545e+01
  9.1801e+01  2.4334e+02  6.8534e+02 -2.1489e+01
  1.1583e+02  2.3572e+02  6.8111e+02 -6.2911e+01
  1.3864e+02  2.1893e+02  6.7286e+02 -1.0153e+02
  1.5934e+02  1.9390e+02  6.6096e+02 -1.3534e+02
  1.7719e+02  1.6195e+02  6.4601e+02 -1.6258e+02
  1.9156e+02  1.2476e+02  6.2872e+02 -1.8185e+02
  2.0203e+02  8.4295e+01  6.0994e+02 -1.9216e+02
  2.0838e+02  4.2680e+01  5.9060e+02 -1.9301e+02
  2.1060e+02  2.1092e+00  5.7165e+02 -1.8438e+02
  2.0891e+02 -3.5283e+01  5.5402e+02 -1.6677e+02
  2.0372e+02 -6.7529e+01  5.3857e+02 -1.4114e+02
  1.9563e+02 -9.2934e+01  5.2602e+02 -1.0887e+02
  1.8540e+02 -1.1016e+02  5.1696e+02 -7.1707e+01
  1.7390e+02 -1.1832e+02  5.1178e+02 -3.1648e+01
  1.6206e+02 -1.1698e+02  5.1065e+02  9.1584e+00
  1.5082e+02 -1.0622e+02  5.1356e+02  4.8524e+01
  1.4111e+02 -8.6627e+01  5.2024e+02  8.4335e+01
  1.3376e+02 -5.9240e+01  5.3024e+02  1.1467e+02
  1.2947e+02 -2.5518e+01  5.4294e+02  1.3788e+02
  1.2880e+02  1.2746e+01  5.5754e+02  1.5272e+02
  1.3211e+02  5.3520e+01  5.7317e+02  1.5837e+02
  1.3952e+02  9.4639e+01  5.8889e+02  1.5450e+02
  1.5097e+02  1.3392e+02  6.0376e+02  1.4127e+02
  1.6617e+02  1.6927e+02  6.1686e+02  1.1935e+02
  1.8463e+02  1.9881e+02  6.2738e+02  8.9877e+01
  2.0569e+02  2.2097e+02  6.3463e+02  5.4363e+01
  2.2854e+02  2.3457e+02  6.3811e+02  1.4654e+01
  2.5229e+02  2.3887e+02  6.3749e+02 -2.7183e+01
  2.7599e+02  2.3363e+02  6.3267e+02 -6.8972e+01
  2.9871e+02  2.1911e+02  6.2377e+02 -1.0854e+02
  3.1953e+02  1.9606e+02  6.1111e+02 -1.4382e+02
  3.3767e+02  1.6569e+02  5.9521e+02 -1.7299e+02
  3.5248e+02  1.2959e+02  5.7677e+02 -1.9454e+02
  3.6346e+02  8.9643e+01  5.5660e+02 -2.0735e+02
  3.7035e+02  4.7946e+01  5.3561e+02 -2.1079e+02
  3.7307e+02  6.6850e+00  5.1476e+02 -2.0471e+02
  3.7177e+02 -3.1978e+01  4.9497e+02 -1.8945e+02
  3.6682e+02 -6.6018e+01  4.7714e+02 -1.6585e+02
  3.5878e+02 -9.3655e+01  4.6204e+02 -1.3520e+02
  3.4836e+02 -1.1345e+02  4.5029e+02 -9.9131e+01
  3.3639e+02 -1.2437e+02  4.4233e+02 -5.9589e+01
  3.2380e+02 -1.2585e+02  4.3841e+02 -1.8689e+01
  3.1154e+02 -1.1785e+02  4.3856e+02  2.1377e+01
  3.0053e+02 -1.0080e+02  4.4259e+02  5.8464e+01
  2.9165e+02 -7.5622e+01  4.5009e+02  9.0584e+01
  2.8563e+02 -4.3664e+01  4.6048e+02  1.1601e+02
  2.8309e+02 -6.6358e+00  4.7302e+02  1.3337e+02
  2.8441e+02  3.3487e+01  4.8686e+02  1.4172e+02
  2.8981e+02  7.4565e+01  5.0105e+02  1.4059e+02
  2.9928e+02  1.1441e+02  5.1466e+02  1.3001e+02
  3.1258e+02  1.5089e+02  5.2675e+02  1.1052e+02
  3.2928e+02  1.8206e+02  5.3650e+02  8.3104e+01
  3.4876e+02  2.0625e+02  5.4316e+02  4.9194e+01
  3.7025e+02  2.2216e+02  5.4618e+02  1.0551e+01
  3.9289e+02  2.2893e+02  5.4518e+02 -3.0810e+01
  4.1572e+02  2.2618e+02  5.4000e+02 -7.2732e+01
  4.3781e+02  2.1403e+02  5.3068e+02 -1.1303e+02
  4.5823e+02  1.9310e+02  5.1751e+02 -1.4959e+02
  4.7617e+02  1.6447e+02  5.0095e+02 -1.8053e+02
  4.9092e+02  1.2963e+02  4.8165e+02 -2.0422e+02
  5.0195e+02  9.0397e+01  4.6039e+02 -2.1944e+02
  5.0892e+02  4.8817e+01  4.3807e+02 -2.2542e+02
  5.1171e+02  7.0612e+00  4.1563e+02 -2.2186e+02
  5.1040e+02 -3.2688e+01  3.9401e+02 -2.0898e+02
  5.0531e+02 -6.8358e+01  3.7412e+02 -1.8748e+02
  4.9693e+02 -9.8088e+01  3.5677e+02 -1.5852e+02
  4.8594e+02 -1.2033e+02  3.4261e+02 -1.2366e+02
  4.7315e+02 -1.3395e+02  3.3217e+02 -8.4757e+01
  4.5946e+02 -1.3824e+02  3.2573e+02 -4.3893e+01
  4.4582e+02 -1.3300e+02  3.2338e+02 -3.2508e+00
  4.3317e+02 -1.1854e+02  3.2500e+02  3.5001e+01
  4.2240e+02 -9.5647e+01  3.3023e+02  6.8819e+01
  4.1428e+02 -6.5560e+01  3.3855e+02  9.6395e+01
  4.0947e+02 -2.9893e+01  3.4926e+02  1.1625e+02
  4.0843e+02  9.4418e+00  3.6151e+02  1.2731e+02
  4.1141e+02  5.0339e+01  3.7440e+02  1.2897e+02
  4.1847e+02  9.0609e+01  3.8699e+02  1.2113e+02
  4.2944e+02  1.2810e+02  3.9832e+02  1.0417e+02
  4.4393e+02  1.6080e+02  4.0754e+02  7.8975e+01
  4.6138e+02  1.8695e+02  4.1389e+02  4.6850e+01
  4.8106e+02  2.0515e+02  4.1674e+02  9.4715e+00
  5.0211e+02  2.1440e+02  4.1567e+02 -3.1204e+01
  5.2362e+02  2.1419e+02  4.1046e+02 -7.3049e+01
  5.4463e+02  2.0449e+02  4.0109e+02 -1.1387e+02
  5.6422e+02  1.8580e+02  3.8779e+02 -1.5153e+02
  5.8152e+02  1.5906e+02  3.7096e+02 -1.8407e+02
  5.9581e+02  1.2566e+02  3.5120e+02 -2.0977e+02
  6.0649e+02  8.7333e+01  3.2928e+02 -2.2730e+02
  6.1317e+02  4.6074e+01  3.0605e+02 -2.3576e+02
  6.1568e+02  4.0316e+00  2.8245e+02 -2.3471e+02
  6.1403e+02 -3.6605e+01  2.5942e+02 -2.2422e+02
  6.0847e+02 -7.3721e+01  2.3790e+02 -2.0487e+02
  5.9947e+02 -1.0539e+02  2.1871e+02 -1.7769e+02
  5.8763e+02 -1.2996e+02  2.0257e+02 -1.4414e+02
  5.7375e+02 -1.4618e+02  1.9004e+02 -1.0600e+02
  5.5871e+02 -1.5321e+02  1.8146e+02 -6.5310e+01
  5.4343e+02 -1.5072e+02  1.7699e+02 -2.4224e+01
  5.2888e+02 -1.3887e+02  1.7655e+02  1.5070e+01
  5.1595e+02 -1.1832e+02  1.7987e+02  5.0482e+01
  5.0547e+02 -9.0184e+01  1.8646e+02  8.0127e+01
  4.9811e+02 -5.5983e+01  1.9565e+02  1.0243e+02
  4.9441e+02 -1.7556e+01  2.0666e+02  1.1619e+02
  4.9468e+02  2.3036e+01  2.1858e+02  1.2067e+02
  4.9902e+02  6.3615e+01  2.3047e+02  1.1562e+02
  5.0733e+02  1.0201e+02  2.4139e+02  1.0130e+02
  5.1928e+02  1.3614e+02  2.5045e+02  7.8447e+01
  5.3435e+02  1.6420e+02  2.5684e+02  4.8261e+01
  5.5186e+02  1.8465e+02  2.5991e+02  1.2324e+01
  5.7099e+02  1.9638e+02  2.5917e+02 -2.7478e+01
  5.9082e+02  1.9875e+02  2.5435e+02 -6.9052e+01
  6.1042e+02  1.9158e+02  2.4537e+02 -1.1021e+02
  6.2883e+02  1.7524e+02  2.3239e+02 -1.4880e+02
  6.4519e+02  1.5053e+02  2.1577e+02 -1.8277e+02
  6.5870e+02  1.1875e+02  1.9605e+02 -2.1036e+02
  6.6875e+02  8.1527e+01  1.7396e+02 -2.3010e+02
  6.7489e+02  4.0797e+01  1.5033e+02 -2.4097e+02
  6.7687e+02 -1.3224e+00  1.2608e+02 -2.4241e+02
  6.7465e+02 -4.2641e+01  1.0217e+02 -2.3433e+02
  6.6844e+02 -8.1011e+01  7.9519e+01 -2.1718e+02
  6.5862e+02 -1.1444e+02  5.9005e+01 -1.9186e+02
  6.4577e+02 -1.4119e+02  4.1375e+01 -1.5973e+02
  6.3065e+02 -1.5990e+02  2.7231e+01 -1.2247e+02
  6.1410e+02 -1.6959e+02  1.6988e+01 -8.2026e+01
  5.9705e+02 -1.6975e+02  1.0873e+01 -3.8284e+01
  5.8051e+02 -1.5953e+02  9.2336e+00  2.8601e+00
  5.6544e+02 -1.4060e+02  1.1374e+01  3.9244e+01
  5.5265e+02 -1.1385e+02  1.6903e+01  7.0291e+01
  5.4288e+02 -8.0708e+01  2.5197e+01  9.4284e+01
  5.3667e+02 -4.2969e+01  3.5481e+01  1.0994e+02
  5.3437e+02 -2.6576e+00  4.6877e+01  1.1641e+02
  5.3615e+02  3.8061e+01  5.8444e+01  1.1335e+02
  5.4193e+02  7.6995e+01  6.9232e+01  1.0089e+02
  5.5142e+02  1.1203e+02  7.8326e+01  7.9546e+01
  5.6413e+02  1.4097e+02  8.4773e+01  5.0694e+01
  5.7942e+02  1.6344e+02  8.8394e+01  1.8739e+01
  5.9654e+02  1.7747e+02  8.8351e+01 -2.0202e+01
  6.1460e+02  1.8222e+02  8.4274e+01 -6.1553e+01
  6.3266e+02  1.7738e+02  7.6035e+01 -1.0307e+02
  6.4976e+02  1.6318e+02  6.3729e+01 -1.4253e+02
  6.6500e+02  1.4032e+02  4.7666e+01 -1.7787e+02
  6.7758e+02  1.0998e+02  2.8356e+01 -2.0719e+02
  6.8680e+02  7.3724e+01  6.4808e+00 -2.2896e+02
  6.9218e+02  3.3435e+01 -1.7143e+01 -2.4200e+02
  6.9342e+02 -8.7860e+00 -4.1602e+01 -2.4558e+02
  6.9044e+02 -5.0669e+01 -6.5913e+01 -2.5915e+02
  6.8290e+02 -9.9520e+01 -9.3065e+01 -2.6273e+02
  6.7070e+02 -1.4347e+02 -1.1808e+02 -2.3595e+02
  6.5445e+02 -1.8017e+02 -1.3995e+02 -1.9995e+02
  6.3497e+02 -2.0771e+02 -1.5783e+02 -1.5665e+02
  6.1326e+02 -2.2467e+02 -1.7111e+02 -1.0834e+02
  5.9042e+02 -2.3019e+02 -1.7941e+02 -5.7579e+01
  5.6761e+02 -2.2401e+02 -1.8263e+02 -7.0318e+00
  5.4599e+02 -2.0650e+02 -1.8092e+02  4.0632e+01
  5.2666e+02 -1.7860e+02 -1.7469e+02  8.2901e+01
  5.1057e+02 -1.4183e+02 -1.6459e+02  1.1755e+02
  4.9852e+02 -9.8158e+01 -1.5149e+02  1.4275e+02
  4.9109e+02 -4.9934e+01 -1.3640e+02  1.5717e+02
  4.8860e+02  2.6593e-01 -1.2044e+02  1.6007e+02
  4.9112e+02  4.9756e+01 -1.0478e+02  1.5130e+02
  4.9844e+02  9.5889e+01 -9.0558e+01  1.3133e+02
  5.1011e+02  1.3619e+02 -7.8853e+01  1.0121e+02
  5.2541e+02  1.6851e+02 -7.0602e+01  6.2556e+01
  5.4348e+02  1.9109e+02 -6.6560e+01  1.7409e+01
  5.6327e+02  2.0272e+02 -6.7258e+01 -3.1836e+01
  5.8364e+02  2.0274e+02 -7.2977e+01 -8.2569e+01
  6.0343e+02  1.9113e+02 -8.3732e+01 -1.3210e+02
  6.2149e+02  1.6845e+02 -9.9269e+01 -1.7781e+02
  6.3678e+02  1.3588e+02 -1.1908e+02 -2.1726e+02
  6.4839e+02  9.5107e+01 -1.4244e+02 -2.4836e+02
  6.5560e+02  4.8246e+01 -1.6842e+02 -2.6946e+02
  6.5792e+02 -2.2563e+00 -1.9596e+02 -2.7943e+02
  6.5512e+02 -5.3765e+01 -2.2392e+02 -2.7773e+02
  6.4722e+02 -1.0359e+02 -2.5112e+02 -2.6444e+02
  6.3454e+02 -1.4914e+02 -2.7644e+02 -2.4026e+02
  6.1762e+02 -1.8802e+02 -2.9885e+02 -2.0644e+02
  5.9723e+02 -2.1823e+02 -3.1746e+02 -1.6476e+02
  5.7432e+02 -2.3820e+02 -3.3161e+02 -1.1741e+02
  5.4997e+02 -2.4690e+02 -3.4084e+02 -6.6880e+01
  5.2533e+02 -2.4391e+02 -3.4497e+02 -1.5817e+01
  5.0157e+02 -2.2941e+02 -3.4408e+02  3.3093e+01
  4.7980e+02 -2.0421e+02 -3.3851e+02  7.7279e+01
  4.6104e+02 -1.6966e+02 -3.2886e+02  1.1442e+02
  4.4612e+02 -1.2762e+02 -3.1592e+02  1.4258e+02
  4.3569e+02 -8.0340e+01 -3.0069e+02  1.6028e+02
  4.3015e+02 -3.0352e+01 -2.8425e+02  1.6659e+02
  4.2962e+02  1.9676e+01 -2.6776e+02  1.6121e+02
  4.3399e+02  6.7072e+01 -2.5239e+02  1.4444e+02
  4.4287e+02  1.0930e+02 -2.3923e+02  1.1717e+02
  4.5561e+02  1.4410e+02 -2.2926e+02  8.0866e+01
  4.7137e+02  1.6961e+02 -2.2329e+02  3.7461e+01
  4.8917e+02  1.8445e+02 -2.2192e+02 -1.0734e+01
  5.0788e+02  1.8781e+02 -2.2551e+02 -6.1156e+01
  5.2634e+02  1.7947e+02 -2.3414e+02 -1.1112e+02
  5.4340e+02  1.5985e+02 -2.4763e+02 -1.5798e+02
  5.5797e+02  1.2997e+02 -2.6555e+02 -1.9923e+02
  5.6910e+02  9.1357e+01 -2.8722e+02 -2.3267e+02
  5.7601e+02  4.6038e+01 -3.1176e+02 -2.5652e+02
  5.7816e+02 -3.6252e+00 -3.3816e+02 -2.6950e+02
  5.7523e+02 -5.5038e+01 -3.6528e+02 -2.7091e+02
  5.6718e+02 -1.0551e+02 -3.9195e+02 -2.6065e+02
  5.5425e+02 -1.5241e+02 -4.1703e+02 -2.3923e+02
  5.3690e+02 -1.9328e+02 -4.3946e+02 -2.0778e+02
  5.1586e+02 -2.2599e+02 -4.5831e+02 -1.6793e+02
  4.9204e+02 -2.4884e+02 -4.7283e+02 -1.2176e+02
  4.6647e+02 -2.6065e+02 -4.8253e+02 -7.1691e+01
  4.4029e+02 -2.6083e+02 -4.8713e+02 -2.0348e+01
  4.1469e+02 -2.4938e+02 -4.8664e+02  2.9582e+01
  3.9079e+02 -2.2694e+02 -4.8135e+02  7.5485e+01
  3.6963e+02 -1.9472e+02 -4.7176e+02  1.1496e+02
  3.5211e+02 -1.5445e+02 -4.5864e+02  1.4594e+02
  3.3893e+02 -1.0828e+02 -4.4291e+02  1.6682e+02
  3.3057e+02 -5.8678e+01 -4.2565e+02  1.7651e+02
  3.2723e+02 -8.2790e+00 -4.0800e+02  1.7454e+02
  3.2885e+02  4.0225e+01 -3.9113e+02  1.6102e+02
  3.3512e+02  8.4249e+01 -3.7616e+02  1.3670e+02
  3.4547e+02  1.2144e+02 -3.6411e+02  1.0288e+02
  3.5911e+02  1.4982e+02 -3.5584e+02  6.1376e+01
  3.7509e+02  1.6786e+02 -3.5201e+02  1.4409e+01
  3.9231e+02  1.7458e+02 -3.5306e+02 -3.5519e+01
  4.0961e+02  1.6960e+02 -3.5913e+02 -8.5743e+01
  4.2584e+02  1.5317e+02 -3.7013e+02 -1.3359e+02
  4.3989e+02  1.2614e+02 -3.8568e+02 -1.7649e+02
  4.5076e+02  8.9902e+01 -4.0518e+02 -2.1217e+02
  4.5763e+02  4.6354e+01 -4.2781e+02 -2.3872e+02
  4.5987e+02 -2.2244e+00 -4.5257e+02 -2.5469e+02
  4.5710e+02 -5.3289e+01 -4.7836e+02 -2.5923e+02
  4.4921e+02 -1.0416e+02 -5.0403e+02 -2.5206e+02
  4.3636e+02 -1.5218e+02 -5.2840e+02 -2.3353e+02
  4.1896e+02 -1.9483e+02 -5.5038e+02 -2.0460e+02
  3.9765e+02 -2.2987e+02 -5.6902e+02 -1.6677e+02
  3.7330e+02 -2.5547e+02 -5.8351e+02 -1.2201e+02
  3.4692e+02 -2.7031e+02 -5.9327e+02 -7.2646e+01
  3.1962e+02 -2.7361e+02 -5.9797e+02 -2.1266e+01
  2.9259e+02 -2.6523e+02 -5.9754e+02  2.9447e+01
  2.6695e+02 -2.4561e+02 -5.9219e+02  7.6845e+01
  2.4380e+02 -2.1582e+02 -5.8237e+02  1.1845e+02
  2.2408e+02 -1.7745e+02 -5.6876e+02  1.5210e+02
  2.0853e+02 -1.3254e+02 -5.5227e+02  1.7604e+02
  1.9771e+02 -8.3487e+01 -5.3392e+02  1.8904e+02
  1.9189e+02 -3.2890e+01 -5.1485e+02  1.9044e+02
  1.9109e+02  1.6559e+01 -4.9622e+02  1.8020e+02
  1.9507e+02  6.2231e+01 -4.7918e+02  1.5888e+02
  2.0333e+02  1.0170e+02 -4.6478e+02  1.2766e+02
  2.1513e+02  1.3286e+02 -4.5393e+02  8.8192e+01
  2.2957e+02  1.5405e+02 -4.4735e+02  4.2607e+01
  2.4557e+02  1.6415e+02 -4.4553e+02 -6.6588e+00
  2.6201e+02  1.6259e+02 -4.4871e+02 -5.6973e+01
  2.7770e+02  1.4945e+02 -4.5687e+02 -1.0565e+02
  2.9153e+02  1.2540e+02 -4.6970e+02 -1.5008e+02
  3.0246e+02  9.1713e+01 -4.8666e+02 -1.8789e+02
  3.0961e+02  5.0144e+01 -5.0699e+02 -2.1705e+02
  3.1230e+02  2.8768e+00 -5.2973e+02 -2.3599e+02
  3.1008e+02 -4.7604e+01 -5.5381e+02 -2.4367e+02
  3.0276e+02 -9.8644e+01 -5.7807e+02 -2.3966e+02
  2.9042e+02 -1.4756e+02 -6.0136e+02 -2.2414e+02
  2.7340e+02 -1.9178e+02 -6.2254e+02 -1.9789e+02
  2.5230e+02 -2.2898e+02 -6.4062e+02 -1.6227e+02
  2.2791e+02 -2.5721e+02 -6.5474e+02 -1.1913e+02
  2.0121e+02 -2.7498e+02 -6.6427e+02 -7.0717e+01
  1.7329e+02 -2.8137e+02 -6.6880e+02 -1.9549e+01
  1.4533e+02 -2.7604e+02 -6.6818e+02  3.1701e+01
  1.1847e+02 -2.5930e+02 -6.6254e+02  8.0359e+01
  9.3818e+01 -2.3204e+02 -6.5228e+02  1.2389e+02
  7.2364e+01 -1.9569e+02 -6.3801e+02  1.6002e+02
  5.4919e+01 -1.5220e+02 -6.2058e+02  1.8688e+02
  4.2087e+01 -1.0385e+02 -6.0099e+02  2.0308e+02
  3.4226e+01 -5.3201e+01 -5.8035e+02  2.0780e+02
  3.1437e+01 -2.8132e+00 -5.5982e+02  2.0081e+02
  3.3644e+01  3.5437e+01 -5.4058e+02  1.8226e+02
  3.8434e+01  6.8015e+01 -5.2349e+02  1.5794e+02
  4.7051e+01  1.0306e+02 -5.0928e+02  1.2477e+02
  5.8760e+01  1.2955e+02 -4.9877e+02  8.4467e+01
  7.2626e+01  1.4601e+02 -4.9256e+02  3.9167e+01
  8.7595e+01  1.5151e+02 -4.9102e+02 -8.6958e+00
  1.0255e+02  1.4562e+02 -4.9430e+02 -5.6541e+01
  1.1620e+02  1.2674e+02 -5.0224e+02 -1.0139e+02
