  2.6119e+01  2.1385e+01  2.8965e+01  3.8507e+01
  2.9039e+01  3.6104e+01  3.2555e+01  3.2717e+01
  3.3184e+01  4.6197e+01  3.5412e+01  2.4031e+01
  3.8165e+01  5.2894e+01  3.7296e+01  1.3398e+01
  4.3660e+01  5.6494e+01  3.8053e+01  1.6048e+00
  4.9364e+01  5.7074e+01  3.7605e+01 -1.0589e+01
  5.4978e+01  5.4747e+01  3.5949e+01 -2.2405e+01
  6.0224e+01  4.9756e+01  3.3165e+01 -3.3006e+01
  6.4854e+01  4.2532e+01  2.9423e+01 -4.1351e+01
  6.8680e+01  3.3808e+01  2.5027e+01 -4.5584e+01
  7.1615e+01  2.4958e+01  2.0550e+01 -4.1721e+01
  7.3751e+01  1.7901e+01  1.6795e+01 -3.2521e+01
  7.5270e+01  1.2535e+01  1.3730e+01 -2.8725e+01
  7.6284e+01  7.7539e+00  1.0902e+01 -2.7713e+01
  7.6829e+01  3.1595e+00  8.1538e+00 -2.7089e+01
  7.6923e+01 -1.2534e+00  5.4895e+00 -2.6036e+01
  7.6589e+01 -5.3572e+00  2.9654e+00 -2.4288e+01
  7.5867e+01 -8.9828e+00  6.5448e-01 -2.1788e+01
  7.4814e+01 -1.1958e+01 -1.3698e+00 -1.8575e+01
  7.3503e+01 -1.4124e+01 -3.0404e+00 -1.4740e+01
  7.2021e+01 -1.5345e+01 -4.3002e+00 -1.0383e+01
  7.0469e+01 -1.5501e+01 -5.0993e+00 -5.5392e+00
  6.8960e+01 -1.4446e+01 -5.3775e+00  5.8241e-02
  6.7629e+01 -1.1810e+01 -4.9828e+00  8.1481e+00
  6.6691e+01 -5.6908e+00 -3.1290e+00  3.0013e+01
  6.6808e+01  8.6651e+00  2.1514e+00  6.2465e+01
  6.8567e+01  2.6785e+01  8.9869e+00  6.9861e+01
  7.2163e+01  4.4987e+01  1.5831e+01  6.5570e+01
  7.7505e+01  6.1481e+01  2.1923e+01  5.5364e+01
  8.4363e+01  7.5131e+01  2.6773e+01  4.1007e+01
  9.2408e+01  8.5120e+01  3.0030e+01  2.3687e+01
  1.0125e+02  9.0901e+01  3.1455e+01  4.5820e+00
  1.1044e+02  9.2214e+01  3.0935e+01 -1.4966e+01
  1.1954e+02  8.9164e+01  2.8512e+01 -3.3073e+01
  1.2815e+02  8.2526e+01  2.4511e+01 -4.4853e+01
  1.3604e+02  7.5125e+01  2.0111e+01 -4.0398e+01
  1.4324e+02  6.8354e+01  1.5897e+01 -4.3949e+01
  1.4968e+02  6.0036e+01  1.0974e+01 -5.4125e+01
  1.5517e+02  4.9381e+01  5.0207e+00 -6.4419e+01
  1.5949e+02  3.6599e+01 -1.8648e+00 -7.2644e+01
  1.6244e+02  2.2293e+01 -9.4194e+00 -7.7658e+01
  1.6392e+02  7.3252e+00 -1.7270e+01 -7.8239e+01
  1.6393e+02 -6.9518e+00 -2.4842e+01 -7.0355e+01
  1.6274e+02 -1.6356e+01 -3.0382e+01 -3.9481e+01
  1.6091e+02 -1.9823e+01 -3.3442e+01 -2.1617e+01
  1.5891e+02 -1.9823e+01 -3.5042e+01 -1.0365e+01
  1.5703e+02 -1.7397e+01 -3.5614e+01 -1.0841e+00
  1.5551e+02 -1.2722e+01 -3.5236e+01  8.7664e+00
  1.5458e+02 -4.7801e+00 -3.3487e+01  2.6767e+01
  1.5480e+02  1.1131e+01 -2.8425e+01  6.8052e+01
  1.5726e+02  3.8283e+01 -1.8707e+01  1.0060e+02
  1.6251e+02  6.6847e+01 -8.4394e+00  1.0028e+02
  1.7057e+02  9.4468e+01  1.3690e+00  9.2916e+01
  1.8132e+02  1.2249e+02  1.1250e+01  1.0032e+02
  1.9537e+02  1.5757e+02  2.3937e+01  1.1690e+02
  2.1285e+02  1.9150e+02  3.5995e+01  1.0664e+02
  2.3354e+02  2.2213e+02  4.6485e+01  9.0236e+01
  2.5723e+02  2.5043e+02  5.5788e+01  7.5008e+01
  2.8360e+02  2.7530e+02  6.3416e+01  5.7051e+01
  3.1208e+02  2.9299e+02  6.7789e+01  2.3722e+01
  3.4192e+02  3.0212e+02  6.8315e+01 -9.9795e+00
  3.7225e+02  3.0237e+02  6.4852e+01 -5.6615e+01
  4.0204e+02  2.9101e+02  5.6265e+01 -1.1046e+02
  4.3008e+02  2.6755e+02  4.2361e+01 -1.6170e+02
  4.5523e+02  2.3312e+02  2.3638e+01 -2.0670e+02
  4.7645e+02  1.8947e+02  8.5280e-01 -2.4279e+02
  4.9295e+02  1.3915e+02 -2.4894e+01 -2.6645e+02
  5.0422e+02  8.5194e+01 -5.2287e+01 -2.7624e+02
  5.1008e+02  3.1365e+01 -7.9713e+01 -2.6835e+02
  5.1072e+02 -1.8609e+01 -1.0557e+02 -2.4533e+02
  5.0690e+02 -5.7273e+01 -1.2671e+02 -1.7643e+02
  4.9974e+02 -8.5398e+01 -1.4343e+02 -1.5535e+02
  4.9070e+02 -9.4067e+01 -1.5197e+02 -1.6562e+01
  4.8179e+02 -8.3094e+01 -1.5227e+02  1.0979e+01
  4.7569e+02 -3.9963e+01 -1.3913e+02  2.4200e+02
  4.7540e+02  3.5057e+01 -1.1272e+02  2.6739e+02
  4.8281e+02  1.0414e+02 -8.8808e+01  1.9437e+02
  4.9597e+02  1.5782e+02 -7.1400e+01  1.5211e+02
  5.1402e+02  2.0135e+02 -5.8363e+01  1.0697e+02
  5.3586e+02  2.3338e+02 -5.0299e+01  5.3056e+01
  5.6025e+02  2.5221e+02 -4.7952e+01 -6.8647e+00
  5.8582e+02  2.5681e+02 -5.1767e+01 -6.9629e+01
  6.1113e+02  2.4690e+02 -6.1863e+01 -1.3192e+02
  6.3473e+02  2.2297e+02 -7.8024e+01 -1.9043e+02
  6.5529e+02  1.8626e+02 -9.9718e+01 -2.4206e+02
  6.7162e+02  1.3867e+02 -1.2612e+02 -2.8409e+02
  6.8275e+02  8.2679e+01 -1.5614e+02 -3.1426e+02
  6.8797e+02  2.1214e+01 -1.8852e+02 -3.3099e+02
  6.8691e+02 -4.2511e+01 -2.2186e+02 -3.3337e+02
  6.7951e+02 -1.0516e+02 -2.5471e+02 -3.2128e+02
  6.6603e+02 -1.6347e+02 -2.8565e+02 -2.9532e+02
  6.4706e+02 -2.1437e+02 -3.1335e+02 -2.5687e+02
  6.2349e+02 -2.5523e+02 -3.3667e+02 -2.0794e+02
  5.9642e+02 -2.8390e+02 -3.5468e+02 -1.5110e+02
  5.6716e+02 -2.9892e+02 -3.6673e+02 -8.9337e+01
  5.3712e+02 -2.9951e+02 -3.7249e+02 -2.5906e+01
  5.0774e+02 -2.8568e+02 -3.7196e+02  3.5861e+01
  4.8044e+02 -2.5819e+02 -3.6548e+02  9.2716e+01
  4.5651e+02 -2.1853e+02 -3.5368e+02  1.4167e+02
  4.3707e+02 -1.6882e+02 -3.3750e+02  1.8016e+02
  4.2300e+02 -1.1171e+02 -3.1807e+02  2.0615e+02
  4.1488e+02 -5.0259e+01 -2.9673e+02  2.1830e+02
  4.1298e+02  1.2260e+01 -2.7489e+02  2.1599e+02
  4.1725e+02  7.2514e+01 -2.5401e+02  1.9934e+02
  4.2730e+02  1.2729e+02 -2.3547e+02  1.6926e+02
  4.4243e+02  1.7367e+02 -2.2055e+02  1.2735e+02
  4.6167e+02  2.0916e+02 -2.1033e+02  7.5852e+01
  4.8383e+02  2.3187e+02 -2.0561e+02  1.7493e+01
  5.0758e+02  2.4057e+02 -2.0695e+02 -4.4623e+01
  5.3146e+02  2.3477e+02 -2.1455e+02 -1.0720e+02
  5.5405e+02  2.1474e+02 -2.2830e+02 -1.6690e+02
  5.7397e+02  1.8151e+02 -2.4773e+02 -2.2057e+02
  5.8997e+02  1.3682e+02 -2.7211e+02 -2.6535e+02
  6.0103e+02  8.2982e+01 -3.0043e+02 -2.9884e+02
  6.0636e+02  2.2825e+01 -3.3145e+02 -3.1927e+02
  6.0548e+02 -4.0506e+01 -3.6381e+02 -3.2554e+02
  5.9826e+02 -1.0369e+02 -3.9607e+02 -3.1728e+02
  5.8486e+02 -1.6343e+02 -4.2679e+02 -2.9492e+02
  5.6579e+02 -2.1658e+02 -4.5462e+02 -2.5962e+02
  5.4186e+02 -2.6037e+02 -4.7834e+02 -2.1322e+02
  5.1411e+02 -2.9252e+02 -4.9697e+02 -1.5814e+02
  4.8380e+02 -3.1135e+02 -5.0978e+02 -9.7285e+01
  4.5232e+02 -3.1589e+02 -5.1634e+02 -3.3835e+01
  4.2111e+02 -3.0594e+02 -5.1657e+02  2.8878e+01
  3.9160e+02 -2.8204e+02 -5.1070e+02  8.7566e+01
  3.6512e+02 -2.4548e+02 -4.9929e+02  1.3915e+02
  3.4286e+02 -1.9822e+02 -4.8320e+02  1.8093e+02
  3.2576e+02 -1.4278e+02 -4.6351e+02  2.1073e+02
  3.1448e+02 -8.2110e+01 -4.4150e+02  2.2698e+02
  3.0940e+02 -1.9448e+01 -4.1859e+02  2.2887e+02
  3.1055e+02  4.1876e+01 -3.9621e+02  2.1631e+02
  3.1762e+02  9.8598e+01 -3.7579e+02  1.9000e+02
  3.3001e+02  1.4770e+02 -3.5863e+02  1.5134e+02
  3.4682e+02  1.8656e+02 -3.4587e+02  1.0241e+02
  3.6691e+02  2.1311e+02 -3.3840e+02  4.5808e+01
  3.8898e+02  2.2591e+02 -3.3686e+02 -1.5439e+01
  4.1161e+02  2.2428e+02 -3.4154e+02 -7.8075e+01
  4.3335e+02  2.0826e+02 -3.5241e+02 -1.3876e+02
  4.5281e+02  1.7870e+02 -3.6912e+02 -1.9428e+02
  4.6869e+02  1.3712e+02 -3.9099e+02 -2.4165e+02
  4.7990e+02  8.5700e+01 -4.1709e+02 -2.7836e+02
  4.8559e+02  2.7135e+01 -4.4624e+02 -3.0243e+02
  4.8519e+02 -3.5505e+01 -4.7711e+02 -3.1258e+02
  4.7846e+02 -9.8930e+01 -5.0827e+02 -3.0823e+02
  4.6549e+02 -1.5981e+02 -5.3828e+02 -2.8958e+02
  4.4669e+02 -2.1496e+02 -5.6574e+02 -2.5760e+02
  4.2279e+02 -2.6147e+02 -5.8941e+02 -2.1395e+02
  3.9477e+02 -2.9692e+02 -6.0822e+02 -1.6089e+02
  3.6384e+02 -3.1945e+02 -6.2136e+02 -1.0122e+02
  3.3135e+02 -3.2788e+02 -6.2834e+02 -3.8040e+01
  2.9875e+02 -3.2180e+02 -6.2897e+02  2.5331e+01
  2.6747e+02 -3.0155e+02 -6.2338e+02  8.5578e+01
  2.3888e+02 -2.6820e+02 -6.1206e+02  1.3955e+02
  2.1420e+02 -2.2355e+02 -5.9578e+02  1.8442e+02
  1.9446e+02 -1.6997e+02 -5.7556e+02  2.1785e+02
  1.8041e+02 -1.1030e+02 -5.5265e+02  2.3811e+02
  1.7250e+02 -4.7718e+01 -5.2841e+02  2.4415e+02
  1.7086e+02  1.4458e+01 -5.0430e+02  2.3570e+02
  1.7527e+02  7.2925e+01 -4.8174e+02  2.1322e+02
  1.8521e+02  1.2458e+02 -4.6209e+02  1.7793e+02
  1.9987e+02  1.6668e+02 -4.4652e+02  1.3173e+02
  2.1815e+02  1.9698e+02 -4.3602e+02  7.7091e+01
  2.3881e+02  2.1387e+02 -4.3129e+02  1.6930e+01
  2.6045e+02  2.1644e+02 -4.3272e+02 -4.5545e+01
  2.8162e+02  2.0455e+02 -4.4037e+02 -1.0700e+02
  3.0090e+02  1.7880e+02 -4.5397e+02 -1.6416e+02
  3.1696e+02  1.4054e+02 -4.7295e+02 -2.1398e+02
  3.2865e+02  9.1773e+01 -4.9643e+02 -2.5378e+02
  3.3505e+02  3.5072e+01 -5.2330e+02 -2.8144e+02
  3.3550e+02 -2.6586e+01 -5.5226e+02 -2.9546e+02
  3.2967e+02 -8.9957e+01 -5.8191e+02 -2.9507e+02
  3.1756e+02 -1.5171e+02 -6.1080e+02 -2.8026e+02
  2.9949e+02 -2.0858e+02 -6.3751e+02 -2.5178e+02
  2.7611e+02 -2.5759e+02 -6.6074e+02 -2.1109e+02
  2.4833e+02 -2.9615e+02 -6.7939e+02 -1.6032e+02
  2.1730e+02 -3.2224e+02 -6.9256e+02 -1.0212e+02
  1.8434e+02 -3.3447e+02 -6.9966e+02 -3.9528e+01
  1.5089e+02 -3.3218e+02 -7.0043e+02  2.4171e+01
  1.1839e+02 -3.1551e+02 -6.9490e+02  8.5634e+01
  8.8235e+01 -2.8540e+02 -6.8348e+02  1.4164e+02
  6.1701e+01 -2.4349e+02 -6.6686e+02  1.8928e+02
  3.9858e+01 -1.9199e+02 -6.4599e+02  2.2608e+02
  2.3533e+01 -1.3361e+02 -6.2207e+02  2.5013e+02
  1.3262e+01 -7.1446e+01 -5.9643e+02  2.6020e+02
  9.2614e+00 -8.7689e+00 -5.7051e+02  2.5580e+02
  1.1415e+01  5.1101e+01 -5.4575e+02  2.3720e+02
  1.9282e+01  1.0500e+02 -5.2351e+02  2.0540e+02
  3.2119e+01  1.5006e+02 -5.0505e+02  1.6213e+02
  4.8919e+01  1.8392e+02 -4.9139e+02  1.0970e+02
  6.8467e+01  2.0476e+02 -4.8332e+02  5.0927e+01
  8.9399e+01  2.1149e+02 -4.8132e+02 -1.1063e+01
  1.1028e+02  2.0374e+02 -4.8553e+02 -7.2957e+01
  1.2968e+02  1.8193e+02 -4.9579e+02 -1.3145e+02
  1.4623e+02  1.4719e+02 -5.1160e+02 -1.8342e+02
  1.5874e+02  1.0136e+02 -5.3217e+02 -2.2609e+02
  1.6621e+02  4.6853e+01 -5.5643e+02 -2.5716e+02
  1.6792e+02 -1.3450e+01 -5.8315e+02 -2.7497e+02
  1.6344e+02 -7.6361e+01 -6.1095e+02 -2.7854e+02
  1.5267e+02 -1.3852e+02 -6.3838e+02 -2.6764e+02
  1.2854e+02 -3.4394e+02 -6.6401e+02 -2.2520e+02
  9.1846e+01 -3.8712e+02 -6.8301e+02 -1.5307e+02
  5.1700e+01 -4.1274e+02 -6.9436e+02 -7.2990e+01
  9.9280e+00 -4.1952e+02 -6.9748e+02  1.0834e+01
 -3.1562e+01 -4.0711e+02 -6.9222e+02  9.4003e+01
 -7.0874e+01 -3.7617e+02 -6.7885e+02  1.7215e+02
 -1.0623e+02 -3.2833e+02 -6.5809e+02  2.4119e+02
 -1.3606e+02 -2.6612e+02 -6.3104e+02  2.9750e+02
 -1.5908e+02 -1.9283e+02 -5.9912e+02  3.3813e+02
 -1.7438e+02 -1.1232e+02 -5.6401e+02  3.6098e+02
 -1.8145e+02 -2.8857e+01 -5.2756e+02  3.6486e+02
 -1.8020e+02  5.3157e+01 -4.9168e+02  3.4960e+02
 -1.7101e+02  1.2938e+02 -4.5825e+02  3.1605e+02
 -1.5466e+02  1.9569e+02 -4.2902e+02  2.6602e+02
 -1.3251e+02  2.4528e+02 -4.0548e+02  2.0267e+02
 -1.0597e+02  2.8264e+02 -3.8881e+02  1.2923e+02
 -7.6582e+01  3.0205e+02 -3.7985e+02  4.9238e+01
 -4.6195e+01  3.0254e+02 -3.7904e+02 -3.3041e+01
 -1.6708e+01  2.8411e+02 -3.8639e+02 -1.1323e+02
  1.0026e+01  2.4773e+02 -4.0147e+02 -1.8706e+02
  3.2301e+01  1.9533e+02 -4.2346e+02 -2.5060e+02
  4.8648e+01  1.2968e+02 -4.5114e+02 -3.0047e+02
  5.7911e+01  5.4283e+01 -4.8301e+02 -3.3400e+02
  5.9316e+01 -2.6753e+01 -5.1733e+02 -3.4941e+02
  5.4121e+01 -8.1281e+01 -5.5245e+02 -3.4977e+02
  4.1869e+01 -1.6311e+02 -5.8679e+02 -3.3397e+02
  2.1696e+01 -2.3905e+02 -6.1863e+02 -2.9991e+02
 -5.6169e+00 -3.0530e+02 -6.4622e+02 -2.4936e+02
 -3.8923e+01 -3.5837e+02 -6.6804e+02 -1.8499e+02
 -7.6757e+01 -3.9547e+02 -6.8287e+02 -1.1015e+02
 -1.1742e+02 -4.1462e+02 -6.8985e+02 -2.8782e+01
 -1.5905e+02 -4.1481e+02 -6.8855e+02  5.4861e+01
 -1.9974e+02 -3.9602e+02 -6.7895e+02  1.3639e+02
 -2.3765e+02 -3.5923e+02 -6.6149e+02  2.1152e+02
 -2.7105e+02 -3.0639e+02 -6.3699e+02  2.7632e+02
 -2.9848e+02 -2.4027e+02 -6.0668e+02  3.2740e+02
 -3.1878e+02 -1.6435e+02 -5.7206e+02  3.6208e+02
 -3.3116e+02 -8.2646e+01 -5.3488e+02  3.7857e+02
 -3.3525e+02  5.5123e-01 -4.9699e+02  3.7603e+02
 -3.3114e+02  8.0852e+01 -4.6030e+02  3.5462e+02
 -3.1932e+02  1.5403e+02 -4.2665e+02  3.1550e+02
 -3.0070e+02  2.1622e+02 -3.9772e+02  2.6077e+02
 -2.7656e+02  2.6415e+02 -3.7493e+02  1.9335e+02
 -2.4844e+02  2.9532e+02 -3.5936e+02  1.1682e+02
 -2.1811e+02  3.0807e+02 -3.5173e+02  3.5267e+01
 -1.8746e+02  3.0175e+02 -3.5233e+02 -4.6981e+01
 -1.5839e+02  2.7670e+02 -3.6100e+02 -1.2555e+02
 -1.3270e+02  2.3427e+02 -3.7717e+02 -1.9625e+02
 -1.1204e+02  1.7670e+02 -3.9986e+02 -2.5534e+02
 -9.7768e+01  1.0705e+02 -4.2775e+02 -2.9965e+02
 -9.0913e+01  2.9007e+01 -4.5922e+02 -3.2682e+02
 -9.2109e+01 -5.3283e+01 -4.9249e+02 -3.3538e+02
 -1.0157e+02 -1.3546e+02 -5.2566e+02 -3.2486e+02
 -1.1905e+02 -2.1318e+02 -5.5684e+02 -2.9578e+02
 -1.4392e+02 -2.8232e+02 -5.8424e+02 -2.4965e+02
 -1.7511e+02 -3.3920e+02 -6.0628e+02 -1.8888e+02
 -2.1124e+02 -3.8081e+02 -6.2163e+02 -1.1664e+02
 -2.5068e+02 -4.0494e+02 -6.2935e+02 -3.6743e+01
 -2.9160e+02 -4.1030e+02 -6.2887e+02  4.6637e+01
 -3.3210e+02 -3.9658e+02 -6.2005e+02  1.2912e+02
 -3.7031e+02 -3.6450e+02 -6.0322e+02  2.0637e+02
 -4.0445e+02 -3.1573e+02 -5.7909e+02  2.7434e+02
 -4.3298e+02 -2.5284e+02 -5.4878e+02  3.2947e+02
 -4.5465e+02 -1.7912e+02 -5.1372e+02  3.6886e+02
 -4.6857e+02 -9.8450e+01 -4.7560e+02  3.9047e+02
 -4.7425e+02 -1.5080e+01 -4.3626e+02  3.9318e+02
 -4.7164e+02  6.6610e+01 -3.9760e+02  3.7688e+02
 -4.6113e+02  1.4232e+02 -3.6149e+02  3.4244e+02
 -4.4351e+02  2.0807e+02 -3.2966e+02  2.9172e+02
 -4.1996e+02  2.6042e+02 -3.0360e+02  2.2741e+02
 -3.9197e+02  2.9660e+02 -2.8452e+02  1.5295e+02
 -3.6125e+02  3.1473e+02 -2.7322e+02  7.2285e+01
 -3.2966e+02  3.1388e+02 -2.7012e+02 -1.0294e+01
 -2.9910e+02  2.9411e+02 -2.7520e+02 -9.0404e+01
 -2.7143e+02  2.5647e+02 -2.8798e+02 -1.6379e+02
 -2.4834e+02  2.0299e+02 -3.0760e+02 -2.2654e+02
 -2.3127e+02  1.3651e+02 -3.3282e+02 -2.7533e+02
 -2.2136e+02  6.0552e+01 -3.6211e+02 -3.0756e+02
 -2.1934e+02 -2.0842e+01 -3.9372e+02 -3.2149e+02
 -2.2556e+02 -1.0335e+02 -4.2577e+02 -3.1638e+02
 -2.3990e+02 -1.8260e+02 -4.5637e+02 -2.9246e+02
 -2.6183e+02 -2.5438e+02 -4.8368e+02 -2.5098e+02
 -2.9040e+02 -3.1487e+02 -5.0605e+02 -1.9410e+02
 -3.2432e+02 -3.6086e+02 -5.2208e+02 -1.2481e+02
 -3.6201e+02 -3.8990e+02 -5.3071e+02 -4.6745e+01
 -4.0168e+02 -4.0042e+02 -5.3127e+02  3.5992e+01
 -4.4145e+02 -3.9186e+02 -5.2351e+02  1.1905e+02
 -4.7943e+02 -3.6464e+02 -5.0760e+02  1.9807e+02
 -5.1380e+02 -3.2017e+02 -4.8416e+02  2.6890e+02
 -5.4296e+02 -2.6078e+02 -4.5422e+02  3.2781e+02
 -5.6556e+02 -1.8959e+02 -4.1910e+02  3.7172e+02
 -5.8061e+02 -1.1032e+02 -3.8045e+02  3.9833e+02
 -5.8750e+02 -2.7141e+01 -3.4006e+02  4.0624e+02
 -5.8605e+02  5.5577e+01 -2.9984e+02  3.9507e+02
 -5.7654e+02  1.3349e+02 -2.6167e+02  3.6542e+02
 -5.5965e+02  2.0251e+02 -2.2732e+02  3.1888e+02
 -5.3646e+02  2.5902e+02 -1.9838e+02  2.5793e+02
 -5.0837e+02  3.0005e+02 -1.7611e+02  1.8580e+02
 -4.7704e+02  3.2347e+02 -1.6146e+02  1.0632e+02
 -4.4430e+02  3.2806e+02 -1.5495e+02  2.3710e+01
 -4.1206e+02  3.1361e+02 -1.5668e+02 -5.7649e+01
 -3.8219e+02  2.8090e+02 -1.6630e+02 -1.3344e+02
 -3.5644e+02  2.3170e+02 -1.8305e+02 -1.9965e+02
 -3.3632e+02  1.6862e+02 -2.0579e+02 -2.5276e+02
 -3.2306e+02  9.5028e+01 -2.3306e+02 -2.8994e+02
 -3.1753e+02  1.4835e+01 -2.6318e+02 -3.0922e+02
 -3.2018e+02 -6.7696e+01 -2.9427e+02 -3.0956e+02
 -3.3100e+02 -1.4818e+02 -3.2445e+02 -2.9094e+02
 -3.4960e+02 -2.2233e+02 -3.5186e+02 -2.5430e+02
 -3.7513e+02 -2.8622e+02 -3.7478e+02 -2.0159e+02
 -4.0639e+02 -3.3643e+02 -3.9173e+02 -1.3556e+02
 -4.4187e+02 -3.7029e+02 -4.0156e+02 -5.9681e+01
 -4.7984e+02 -3.8598e+02 -4.0347e+02  2.2042e+01
 -5.1842e+02 -3.8264e+02 -3.9710e+02  1.0531e+02
 -5.5573e+02 -3.6042e+02 -3.8250e+02  1.8574e+02
 -5.8991e+02 -3.2047e+02 -3.6018e+02  2.5911e+02
 -6.1930e+02 -2.6487e+02 -3.3105e+02  3.2153e+02
 -6.4246e+02 -1.9652e+02 -2.9635e+02  3.6974e+02
 -6.5830e+02 -1.1901e+02 -2.5766e+02  4.0120e+02
 -6.6609e+02 -3.6402e+01 -2.1673e+02  4.1426e+02
 -6.6555e+02  4.6969e+01 -1.7545e+02  4.0824e+02
 -6.5682e+02  1.2673e+02 -1.3571e+02  3.8348e+02
 -6.4047e+02  1.9869e+02 -9.9334e+01  3.4128e+02
 -6.1747e+02  2.5909e+02 -6.7961e+01  2.8390e+02
 -5.8914e+02  3.0477e+02 -4.2962e+01  2.1437e+02
 -5.5709e+02  3.3333e+02 -2.5372e+01  1.3637e+02
 -5.2310e+02  3.4330e+02 -1.5833e+01  5.4046e+01
 -4.8906e+02  3.3419e+02 -1.4562e+01 -2.8253e+01
 -4.5688e+02  3.0651e+02 -2.1337e+01 -1.0617e+02
 -4.2834e+02  2.6174e+02 -3.5511e+01 -1.7557e+02
 -4.0502e+02  2.0229e+02 -5.6044e+01 -2.3280e+02
 -3.8826e+02  1.3132e+02 -8.1561e+01 -2.7480e+02
 -3.7902e+02  5.2623e+01 -1.1042e+02 -2.9937e+02
 -3.7786e+02 -2.9628e+01 -1.4081e+02 -3.0519e+02
 -3.8492e+02 -1.1105e+02 -1.7082e+02 -2.9194e+02
 -3.9990e+02 -1.8732e+02 -1.9858e+02 -2.6033e+02
 -4.2207e+02 -2.5436e+02 -2.2233e+02 -2.1201e+02
 -4.5034e+02 -3.0862e+02 -2.4051e+02 -1.4952e+02
 -4.8327e+02 -3.4719e+02 -2.5187e+02 -7.6168e+01
 -5.1918e+02 -3.6801e+02 -2.5551e+02  4.1853e+00
 -5.5624e+02 -3.6994e+02 -2.5094e+02  8.7300e+01
 -5.9254e+02 -3.5285e+02 -2.3810e+02  1.6879e+02
 -6.2620e+02 -3.1762e+02 -2.1738e+02  2.4436e+02
 -6.5551e+02 -2.6607e+02 -1.8956e+02  3.1002e+02
 -6.7896e+02 -2.0089e+02 -1.5582e+02  3.6231e+02
 -6.9535e+02 -1.2550e+02 -1.1764e+02  3.9846e+02
 -7.0385e+02 -4.3848e+01 -7.6732e+01  4.1657e+02
 -7.0405e+02  3.9777e+01 -3.4963e+01  4.1564e+02
 -6.9598e+02  1.2094e+02  5.7471e+00  3.9343e+02
 -6.8018e+02  1.9371e+02  4.2850e+01  3.5146e+02
 -6.5758e+02  2.5617e+02  7.5475e+01  2.9865e+02
 -6.2940e+02  3.0491e+02  1.0215e+02  2.3301e+02
 -5.9714e+02  3.3738e+02  1.2177e+02  1.5809e+02
 -5.6253e+02  3.5190e+02  1.3359e+02  7.7865e+01
 -5.2739e+02  3.4774e+02  1.3730e+02 -3.4238e+00
 -4.9360e+02  3.2513e+02  1.3301e+02 -8.1469e+01
 -4.6294e+02  2.8533e+02  1.2126e+02 -1.5212e+02
 -4.3703e+02  2.3048e+02  1.0297e+02 -2.1149e+02
 -4.1724e+02  1.6400e+02  7.9621e+01 -2.5523e+02
 -4.0456e+02  8.8548e+01  5.2382e+01 -2.8572e+02
 -3.9969e+02  8.4023e+00  2.3107e+01 -2.9668e+02
 -4.0289e+02 -7.2097e+01 -6.3240e+00 -2.8883e+02
 -4.1398e+02 -1.4866e+02 -3.4046e+01 -2.6266e+02
 -4.3235e+02 -2.1719e+02 -5.8289e+01 -2.1956e+02
 -4.5702e+02 -2.7406e+02 -7.7468e+01 -1.6182e+02
 -4.8667e+02 -3.1621e+02 -9.0266e+01 -9.2497e+01
 -5.1970e+02 -3.4140e+02 -9.5703e+01 -1.5254e+01
 -5.5434e+02 -3.4827e+02 -9.3189e+01  6.5810e+01
 -5.8872e+02 -3.3642e+02 -8.2558e+01  1.4635e+02
 -6.2102e+02 -3.0675e+02 -6.4193e+01  2.3806e+02
 -6.4930e+02 -2.5635e+02 -3.6910e+01  3.0542e+02
 -6.7182e+02 -1.9194e+02 -3.5573e+00  3.5919e+02
 -6.8733e+02 -1.1693e+02  3.4391e+01  3.9693e+02
 -6.9498e+02 -3.5252e+01  7.5226e+01  4.1666e+02
 -6.9430e+02  4.8814e+01  1.1709e+02  4.1735e+02
 -6.8528e+02  1.3086e+02  1.5806e+02  3.9895e+02
 -6.6834e+02  2.0657e+02  1.9627e+02  3.6243e+02
 -6.4432e+02  2.7199e+02  2.3000e+02  3.0972e+02
 -6.1441e+02  3.2369e+02  2.5776e+02  2.4358e+02
 -5.8013e+02  3.5896e+02  2.7838e+02  1.6751e+02
 -5.4322e+02  3.7599e+02  2.9107e+02  8.5520e+01
 -5.0557e+02  3.7389e+02  2.9543e+02  1.9303e+00
 -4.6908e+02  3.5281e+02  2.9155e+02 -7.8851e+01
 -4.3560e+02  3.1390e+02  2.7990e+02 -1.5257e+02
 -4.0683e+02  2.5923e+02  2.6140e+02 -2.1533e+02
 -3.8419e+02  1.9173e+02  2.3731e+02 -2.6383e+02
 -3.6879e+02  1.1499e+02  2.0920e+02 -2.9552e+02
 -3.6136e+02  3.3103e+01  1.7883e+02 -3.0874e+02
 -3.6220e+02 -4.9587e+01  1.4809e+02 -3.0279e+02
 -3.7116e+02 -1.2868e+02  1.1890e+02 -2.7800e+02
 -3.8767e+02 -1.9996e+02  9.3079e+01 -2.3568e+02
 -4.1076e+02 -2.5965e+02  7.2275e+01 -1.7810e+02
 -4.3911e+02 -3.0454e+02  5.7869e+01 -1.0829e+02
 -4.7110e+02 -3.3226e+02  5.0903e+01 -2.9960e+01
 -5.0493e+02 -3.4130e+02  5.2024e+01  5.2740e+01
 -5.3871e+02 -3.3115e+02  6.1451e+01  1.3543e+02
 -5.7054e+02 -3.0233e+02  7.8964e+01  2.1374e+02
 -5.9861e+02 -2.5633e+02  1.0391e+02  2.8350e+02
 -6.2131e+02 -1.9555e+02  1.3525e+02  3.4104e+02
 -6.3733e+02 -1.2317e+02  1.7161e+02  3.8329e+02
 -6.4568e+02 -4.2982e+01  2.1133e+02  4.0801e+02
 -6.4580e+02  4.0799e+01  2.5258e+02  4.1388e+02
 -6.3755e+02  1.2378e+02  2.9346e+02  4.0057e+02
 -6.2122e+02  2.0160e+02  3.3207e+02  3.6878e+02
 -5.9754e+02  2.7019e+02  3.6665e+02  3.2018e+02
 -5.6761e+02  3.2594e+02  3.9563e+02  2.5730e+02
 -5.3288e+02  3.6594e+02  4.1775e+02  1.8346e+02
 -4.9502e+02  3.8811e+02  4.3209e+02  1.0255e+02
 -4.5589e+02  3.9129e+02  4.3816e+02  1.8816e+01
 -4.1740e+02  3.7536e+02  4.3590e+02 -6.3329e+01
 -3.8143e+02  3.4117e+02  4.2569e+02 -1.3956e+02
 -3.4972e+02  2.9057e+02  4.0832e+02 -2.0588e+02
 -3.2378e+02  2.2624e+02  3.8496e+02 -2.5879e+02
 -3.0481e+02  1.5162e+02  3.5711e+02 -2.9551e+02
 -2.9366e+02  7.0664e+01  3.2647e+02 -3.1413e+02
 -2.9075e+02 -1.2314e+01  2.9492e+02 -3.1368e+02
 -2.9605e+02 -9.2910e+01  2.6437e+02 -2.9419e+02
 -3.0911e+02 -1.6684e+02  2.3668e+02 -2.5673e+02
 -3.2906e+02 -2.3018e+02  2.1356e+02 -2.0328e+02
 -3.5468e+02 -2.7955e+02  1.9647e+02 -1.3668e+02
 -3.8442e+02 -3.1232e+02  1.8655e+02 -6.0482e+01
 -4.1652e+02 -3.2674e+02  1.8456e+02  2.1280e+01
 -4.4912e+02 -3.2201e+02  1.9084e+02  1.0427e+02
 -4.8029e+02 -2.9838e+02  2.0531e+02  1.8407e+02
 -5.0820e+02 -2.5705e+02  2.2741e+02  2.5647e+02
 -5.3118e+02 -2.0019e+02  2.5622e+02  3.1760e+02
 -5.4782e+02 -1.3078e+02  2.9045e+02  3.6423e+02
 -5.5704e+02 -5.2454e+01  3.2850e+02  3.9386e+02
 -5.5815e+02  3.0664e+01  3.6860e+02  4.0492e+02
 -5.5089e+02  1.1421e+02  4.0884e+02  3.9679e+02
 -5.3544e+02  1.9379e+02  4.4733e+02  3.6989e+02
 -5.1241e+02  2.6524e+02  4.8224e+02  3.2562e+02
 -4.8279e+02  3.2479e+02  5.1195e+02  2.6628e+02
 -4.4795e+02  3.6932e+02  5.3509e+02  1.9500e+02
 -4.0951e+02  3.9651e+02  5.5067e+02  1.1551e+02
 -3.6928e+02  4.0493e+02  5.5806e+02  3.1993e+01
 -3.2916e+02  3.9418e+02  5.5708e+02 -5.1164e+01
 -2.9107e+02  3.6482e+02  5.4799e+02 -1.2959e+02
 -2.5677e+02  3.1845e+02  5.3146e+02 -1.9917e+02
 -2.2786e+02  2.5752e+02  5.0857e+02 -2.5625e+02
 -2.0565e+02  1.8528e+02  4.8073e+02 -2.9785e+02
 -1.9106e+02  1.0555e+02  4.4959e+02 -3.2177e+02
 -1.8464e+02  2.2587e+01  4.1700e+02 -3.2680e+02
 -1.8650e+02 -5.9226e+01  3.8487e+02 -3.1268e+02
 -1.9630e+02 -1.3554e+02  3.5508e+02 -2.8018e+02
 -2.1329e+02 -2.0231e+02  3.2939e+02 -2.3106e+02
 -2.3633e+02 -2.5599e+02  3.0934e+02 -1.6792e+02
 -2.6396e+02 -2.9372e+02  2.9617e+02 -9.4129e+01
 -2.9447e+02 -3.1350e+02  2.9074e+02 -1.3609e+01
 -3.2602e+02 -3.1425e+02  2.9353e+02  6.9361e+01
 -3.5669e+02 -2.9593e+02  3.0455e+02  1.5037e+02
 -3.8460e+02 -2.5948e+02  3.2339e+02  2.2512e+02
 -4.0804e+02 -2.0681e+02  3.4923e+02  2.8964e+02
 -4.2551e+02 -1.4069e+02  3.8086e+02  3.4048e+02
 -4.3584e+02 -6.4584e+01  4.1678e+02  3.7494e+02
 -4.3823e+02  1.7495e+01  4.5524e+02  3.9117e+02
 -4.3229e+02  1.0123e+02  4.9437e+02  3.8829e+02
 -4.1807e+02  1.8222e+02  5.3226e+02  3.6641e+02
 -3.9608e+02  2.5619e+02  5.6706e+02  3.2668e+02
 -3.6720e+02  3.1926e+02  5.9707e+02  2.7116e+02
 -3.3270e+02  3.6811e+02  6.2086e+02  2.0276e+02
 -2.9414e+02  4.0018e+02  6.3731e+02  1.2505e+02
 -2.5328e+02  4.1378e+02  6.4569e+02  4.2130e+01
 -2.1203e+02  4.0821e+02  6.4571e+02 -4.1665e+01
 -1.7227e+02  3.8378e+02  6.3748e+02 -1.2193e+02
 -1.3586e+02  3.4180e+02  6.2158e+02 -1.9446e+02
 -1.0443e+02  2.8449e+02  5.9897e+02 -2.5544e+02
 -7.9372e+01  2.1489e+02  5.7098e+02 -3.0169e+02
 -6.1738e+01  1.3670e+02  5.3921e+02 -3.3079e+02
 -5.2181e+01  5.4053e+01  5.0545e+02 -3.4124e+02
 -5.0930e+01 -2.8668e+01  4.7160e+02 -3.3250e+02
 -5.7771e+01 -1.0708e+02  4.3957e+02 -3.0508e+02
 -7.2064e+01 -1.7704e+02  4.1116e+02 -2.6044e+02
 -9.2772e+01 -2.3483e+02  3.8798e+02 -2.0098e+02
 -1.1852e+02 -2.7739e+02  3.7136e+02 -1.2986e+02
 -1.4766e+02 -3.0246e+02  3.6227e+02 -5.0881e+01
 -1.7838e+02 -3.0872e+02  3.6131e+02  3.1768e+01
 -2.0877e+02 -2.9581e+02  3.6860e+02  1.1369e+02
 -2.3692e+02 -2.6440e+02  3.8387e+02  1.9052e+02
 -2.6108e+02 -2.1616e+02  4.0640e+02  2.5818e+02
 -2.7968e+02 -1.5362e+02  4.3508e+02  3.1307e+02
 -2.9144e+02 -8.0071e+01  4.6849e+02  3.5224e+02
 -2.9545e+02  6.1017e-01  5.0494e+02  3.7361e+02
 -2.9122e+02  8.4168e+01  5.4258e+02  3.7602e+02
 -2.7867e+02  1.6620e+02  5.7950e+02  3.5930e+02
 -2.5818e+02  2.4237e+02  6.1382e+02  3.2431e+02
 -2.3053e+02  3.0868e+02  6.4381e+02  2.7287e+02
 -1.9689e+02  3.6162e+02  6.6794e+02  2.0766e+02
 -1.5874e+02  3.9840e+02  6.8500e+02  1.3211e+02
 -1.1781e+02  4.1709e+02  6.9414e+02  5.0156e+01
 -7.5963e+01  4.1670e+02  6.9496e+02 -3.3886e+01
 -3.5111e+01  3.9724e+02  6.8744e+02 -1.1561e+02
  2.8768e+00  3.5962e+02  6.7206e+02 -1.9071e+02
  3.6209e+01  3.1493e+02  6.4966e+02 -2.5506e+02
  7.3541e+01  3.3800e+02  6.2028e+02 -3.2966e+02
  1.0324e+02  2.5371e+02  5.8431e+02 -3.8666e+02
  1.2392e+02  1.5866e+02  5.4365e+02 -4.2290e+02
  1.3478e+02  5.7962e+01  5.0048e+02 -4.3648e+02
  1.3551e+02 -4.3022e+01  4.5713e+02 -4.2672e+02
  1.2635e+02 -1.3876e+02  4.1590e+02 -3.9418e+02
  1.1333e+02 -1.2077e+02  3.7899e+02 -3.5327e+02
