  2.0000e-05  5.0000e-06
  3.4734e+02 -2.4900e-03
  1.5180e+03 -4.9850e-03
  2.6887e+03 -7.4800e-03
  3.8593e+03 -9.9750e-03
  5.0300e+03 -1.2470e-02
  6.2006e+03 -1.4965e-02
  7.3713e+03 -1.7460e-02
  8.5419e+03 -1.9955e-02
  9.7126e+03 -2.2450e-02
  1.0883e+04 -2.4945e-02
  1.2054e+04 -2.7440e-02
  1.3225e+04 -2.9935e-02
  1.4395e+04 -3.2430e-02
  1.5566e+04 -3.4925e-02
  1.6737e+04 -3.7420e-02
  1.7907e+04 -3.9915e-02
  1.9078e+04 -4.2410e-02
  2.0249e+04 -4.4905e-02
  2.1419e+04 -4.7400e-02
  2.2590e+04 -4.9895e-02
  2.3760e+04 -5.2390e-02
  2.4931e+04 -5.4885e-02
  2.6102e+04 -5.7380e-02
  2.7272e+04 -5.9875e-02
  2.8443e+04 -6.2370e-02
  2.9614e+04 -6.4865e-02
  3.0784e+04 -6.7360e-02
  3.1955e+04 -6.9855e-02
  3.3126e+04 -7.2350e-02
  3.4296e+04 -7.4845e-02
  3.5467e+04 -7.7340e-02
  3.6638e+04 -7.9835e-02
  3.7808e+04 -8.2330e-02
  3.8979e+04 -8.4825e-02
  4.0150e+04 -8.7320e-02
  4.1320e+04 -8.9815e-02
  4.2491e+04 -9.2310e-02
  4.3662e+04 -9.4805e-02
  4.4832e+04 -9.7300e-02
  4.6003e+04 -9.9795e-02
  4.7174e+04 -1.0229e-01
  4.8344e+04 -1.0478e-01
  4.9515e+04 -1.0728e-01
  5.0686e+04 -1.0977e-01
  5.1856e+04 -1.1227e-01
  5.3027e+04 -1.1476e-01
  5.4198e+04 -1.1726e-01
  5.5368e+04 -1.1975e-01
  5.6539e+04 -1.2225e-01
