  1.9996e+01  4.5557e-01
  1.9986e+01  8.1822e-01
  1.9975e+01  1.0827e+00
  1.9965e+01  1.2449e+00
  1.9957e+01  1.3023e+00
  1.9953e+01  1.2539e+00
  1.9952e+01  1.1005e+00
  1.9952e+01  8.4443e-01
  1.9952e+01  4.8942e-01
  1.9946e+01  4.0610e-02
  1.9933e+01 -4.9584e-01
  1.9906e+01 -1.1130e+00
  1.9862e+01 -1.8033e+00
  1.9797e+01 -2.5588e+00
  1.9706e+01 -3.3716e+00
  1.9585e+01 -4.2333e+00
  1.9431e+01 -5.1361e+00
  1.9240e+01 -6.0718e+00
  1.9012e+01 -7.0326e+00
  1.8743e+01 -8.0110e+00
  1.8433e+01 -8.9996e+00
  1.8080e+01 -9.9913e+00
  1.7684e+01 -1.0979e+01
  1.7245e+01 -1.1957e+01
  1.6764e+01 -1.2918e+01
  1.6242e+01 -1.3857e+01
  1.5679e+01 -1.4767e+01
  1.5079e+01 -1.5645e+01
  1.4443e+01 -1.6484e+01
  1.3774e+01 -1.7281e+01
  1.3075e+01 -1.8031e+01
  1.2348e+01 -1.8731e+01
  1.1598e+01 -1.9376e+01
  1.0829e+01 -1.9966e+01
  1.0043e+01 -2.0496e+01
  9.2472e+00 -2.0965e+01
  8.4445e+00 -2.1372e+01
  7.6401e+00 -2.1716e+01
  6.8392e+00 -2.1996e+01
  6.0472e+00 -2.2213e+01
  5.2694e+00 -2.2367e+01
  4.5118e+00 -2.2459e+01
  3.7801e+00 -2.2492e+01
  3.0804e+00 -2.2467e+01
  2.4191e+00 -2.2388e+01
  1.8025e+00 -2.2259e+01
  1.2370e+00 -2.2083e+01
  7.2941e-01 -2.1866e+01
  2.8616e-01 -2.1612e+01
 -8.6172e-02 -2.1326e+01
 -3.8128e-01 -2.1016e+01
 -5.9319e-01 -2.0687e+01
 -7.1644e-01 -2.0344e+01
 -7.4635e-01 -1.9993e+01
 -6.7918e-01 -1.9640e+01
 -5.1243e-01 -1.9288e+01
 -2.4501e-01 -1.8941e+01
  1.2263e-01 -1.8600e+01
  5.8845e-01 -1.8268e+01
  1.1488e+00 -1.7945e+01
  1.7986e+00 -1.7628e+01
  2.5315e+00 -1.7317e+01
  3.3402e+00 -1.7008e+01
  4.2165e+00 -1.6700e+01
  5.1517e+00 -1.6389e+01
  6.1369e+00 -1.6072e+01
  7.1627e+00 -1.5747e+01
  8.2202e+00 -1.5410e+01
  9.3003e+00 -1.5060e+01
  1.0394e+01 -1.4695e+01
  1.1493e+01 -1.4313e+01
  1.2589e+01 -1.3913e+01
  1.3673e+01 -1.3495e+01
  1.4739e+01 -1.3058e+01
  1.5778e+01 -1.2602e+01
  1.6785e+01 -1.2128e+01
  1.7753e+01 -1.1636e+01
  1.8675e+01 -1.1128e+01
  1.9547e+01 -1.0605e+01
  2.0363e+01 -1.0068e+01
  2.1118e+01 -9.5204e+00
  2.1808e+01 -8.9632e+00
  2.2431e+01 -8.3990e+00
  2.2982e+01 -7.8307e+00
  2.3459e+01 -7.2609e+00
  2.3860e+01 -6.6927e+00
  2.4183e+01 -6.1292e+00
  2.4428e+01 -5.5738e+00
  2.4594e+01 -5.0300e+00
  2.4681e+01 -4.5015e+00
  2.4690e+01 -3.9921e+00
  2.4622e+01 -3.5056e+00
  2.4480e+01 -3.0461e+00
  2.4266e+01 -2.6180e+00
  2.3983e+01 -2.2255e+00
  2.3636e+01 -1.8731e+00
  2.3228e+01 -1.5653e+00
  2.2765e+01 -1.3070e+00
  2.2252e+01 -1.1029e+00
  2.1695e+01 -9.5773e-01
  2.1102e+01 -8.7642e-01
  2.0479e+01 -8.6369e-01
  1.9834e+01 -9.2404e-01
  1.9174e+01 -1.0617e+00
  1.8506e+01 -1.2802e+00
  1.7837e+01 -1.5826e+00
  1.7175e+01 -1.9708e+00
  1.6525e+01 -2.4457e+00
  1.5891e+01 -3.0066e+00
  1.5278e+01 -3.6517e+00
  1.4688e+01 -4.3773e+00
  1.4122e+01 -5.1787e+00
  1.3582e+01 -6.0494e+00
  1.3066e+01 -6.9821e+00
  1.2574e+01 -7.9685e+00
  1.2103e+01 -8.9996e+00
  1.1652e+01 -1.0066e+01
  1.1218e+01 -1.1159e+01
  1.0800e+01 -1.2267e+01
  1.0394e+01 -1.3382e+01
  1.0000e+01 -1.4495e+01
  9.6161e+00 -1.5597e+01
  9.2402e+00 -1.6678e+01
  8.8714e+00 -1.7731e+01
  8.5090e+00 -1.8748e+01
  8.1523e+00 -1.9722e+01
  7.8010e+00 -2.0646e+01
  7.4551e+00 -2.1514e+01
  7.1146e+00 -2.2320e+01
  6.7799e+00 -2.3059e+01
  6.4516e+00 -2.3726e+01
  6.1303e+00 -2.4317e+01
  5.8169e+00 -2.4829e+01
  5.5125e+00 -2.5259e+01
  5.2182e+00 -2.5604e+01
  4.9352e+00 -2.5863e+01
  4.6651e+00 -2.6033e+01
  4.4093e+00 -2.6116e+01
  4.1696e+00 -2.6111e+01
  3.9476e+00 -2.6017e+01
  3.7452e+00 -2.5838e+01
  3.5644e+00 -2.5574e+01
  3.4073e+00 -2.5228e+01
  3.2761e+00 -2.4803e+01
  3.1732e+00 -2.4302e+01
  3.1009e+00 -2.3731e+01
  3.0618e+00 -2.3094e+01
  3.0587e+00 -2.2397e+01
  3.0944e+00 -2.1645e+01
  3.1719e+00 -2.0846e+01
  3.2942e+00 -2.0007e+01
  3.4645e+00 -1.9135e+01
  3.6860e+00 -1.8238e+01
  3.9619e+00 -1.7326e+01
  4.2952e+00 -1.6406e+01
  4.6887e+00 -1.5487e+01
  5.1447e+00 -1.4578e+01
  5.6651e+00 -1.3687e+01
  6.2507e+00 -1.2821e+01
  6.9014e+00 -1.1987e+01
  7.6160e+00 -1.1191e+01
  8.3918e+00 -1.0437e+01
  9.2250e+00 -9.7279e+00
  1.0110e+01 -9.0666e+00
  1.1041e+01 -8.4537e+00
  1.2010e+01 -7.8891e+00
  1.3008e+01 -7.3719e+00
  1.4027e+01 -6.9007e+00
  1.5058e+01 -6.4735e+00
  1.6092e+01 -6.0883e+00
  1.7118e+01 -5.7426e+00
  1.8129e+01 -5.4342e+00
  1.9114e+01 -5.1608e+00
  2.0067e+01 -4.9204e+00
  2.0978e+01 -4.7108e+00
  2.1842e+01 -4.5302e+00
  2.2650e+01 -4.3769e+00
  2.3396e+01 -4.2494e+00
  2.4076e+01 -4.1462e+00
  2.4683e+01 -4.0662e+00
  2.5214e+01 -4.0082e+00
  2.5664e+01 -3.9712e+00
  2.6029e+01 -3.9543e+00
  2.6309e+01 -3.9567e+00
  2.6499e+01 -3.9779e+00
  2.6600e+01 -4.0172e+00
  2.6610e+01 -4.0741e+00
  2.6528e+01 -4.1483e+00
  2.6356e+01 -4.2395e+00
  2.6094e+01 -4.3475e+00
  2.5744e+01 -4.4722e+00
  2.5308e+01 -4.6136e+00
  2.4789e+01 -4.7719e+00
  2.4191e+01 -4.9473e+00
  2.3517e+01 -5.1402e+00
  2.2772e+01 -5.3512e+00
  2.1962e+01 -5.5809e+00
  2.1092e+01 -5.8303e+00
  2.0168e+01 -6.1002e+00
  1.9197e+01 -6.3920e+00
  1.8187e+01 -6.7071e+00
  1.7146e+01 -7.0471e+00
  1.6081e+01 -7.4137e+00
  1.5002e+01 -7.8090e+00
  1.3917e+01 -8.2350e+00
  1.2836e+01 -8.6939e+00
  1.1768e+01 -9.1876e+00
  1.0722e+01 -9.7181e+00
  9.7077e+00 -1.0287e+01
  8.7333e+00 -1.0895e+01
  7.8068e+00 -1.1543e+01
  6.9353e+00 -1.2230e+01
  6.1246e+00 -1.2955e+01
  5.3796e+00 -1.3714e+01
  4.7037e+00 -1.4504e+01
  4.0991e+00 -1.5320e+01
  3.5665e+00 -1.6155e+01
  3.1059e+00 -1.7003e+01
  2.7160e+00 -1.7855e+01
  2.3948e+00 -1.8705e+01
  2.1400e+00 -1.9542e+01
  1.9487e+00 -2.0360e+01
  1.8176e+00 -2.1149e+01
  1.7434e+00 -2.1903e+01
  1.7229e+00 -2.2614e+01
  1.7526e+00 -2.3274e+01
  1.8292e+00 -2.3877e+01
  1.9496e+00 -2.4418e+01
  2.1103e+00 -2.4892e+01
  2.3085e+00 -2.5293e+01
  2.5411e+00 -2.5618e+01
  2.8053e+00 -2.5863e+01
  3.0981e+00 -2.6026e+01
  3.4168e+00 -2.6104e+01
  3.7589e+00 -2.6096e+01
  4.1219e+00 -2.6001e+01
  4.5032e+00 -2.5820e+01
  4.9006e+00 -2.5551e+01
  5.3118e+00 -2.5197e+01
  5.7347e+00 -2.4759e+01
  6.1673e+00 -2.4239e+01
  6.6077e+00 -2.3639e+01
  7.0543e+00 -2.2963e+01
  7.5054e+00 -2.2215e+01
  7.9596e+00 -2.1400e+01
  8.4158e+00 -2.0521e+01
  8.8730e+00 -1.9584e+01
  9.3302e+00 -1.8596e+01
  9.7871e+00 -1.7563e+01
  1.0243e+01 -1.6491e+01
  1.0699e+01 -1.5388e+01
  1.1154e+01 -1.4261e+01
  1.1608e+01 -1.3119e+01
  1.2064e+01 -1.1970e+01
  1.2522e+01 -1.0823e+01
  1.2983e+01 -9.6873e+00
  1.3450e+01 -8.5714e+00
  1.3922e+01 -7.4850e+00
  1.4404e+01 -6.4374e+00
  1.4896e+01 -5.4376e+00
  1.5401e+01 -4.4945e+00
  1.5918e+01 -3.6162e+00
  1.6450e+01 -2.8100e+00
  1.6997e+01 -2.0824e+00
  1.7556e+01 -1.4385e+00
  1.8127e+01 -8.8222e-01
  1.8707e+01 -4.1611e-01
  1.9292e+01 -4.1269e-02
  1.9876e+01  2.4249e-01
  2.0455e+01  4.3654e-01
  2.1021e+01  5.4326e-01
  2.1570e+01  5.6583e-01
  2.2093e+01  5.0812e-01
  2.2584e+01  3.7442e-01
  2.3037e+01  1.6937e-01
  2.3445e+01 -1.0218e-01
  2.3803e+01 -4.3527e-01
  2.4106e+01 -8.2490e-01
  2.4349e+01 -1.2661e+00
  2.4527e+01 -1.7538e+00
  2.4637e+01 -2.2831e+00
  2.4677e+01 -2.8493e+00
  2.4644e+01 -3.4475e+00
  2.4537e+01 -4.0732e+00
  2.4354e+01 -4.7218e+00
  2.4094e+01 -5.3888e+00
  2.3759e+01 -6.0700e+00
  2.3349e+01 -6.7613e+00
  2.2864e+01 -7.4586e+00
  2.2307e+01 -8.1581e+00
  2.1680e+01 -8.8560e+00
  2.0987e+01 -9.5490e+00
  2.0229e+01 -1.0234e+01
  1.9411e+01 -1.0907e+01
  1.8538e+01 -1.1566e+01
  1.7614e+01 -1.2209e+01
  1.6645e+01 -1.2832e+01
  1.5635e+01 -1.3434e+01
  1.4591e+01 -1.4014e+01
  1.3519e+01 -1.4569e+01
  1.2426e+01 -1.5099e+01
  1.1319e+01 -1.5603e+01
  1.0206e+01 -1.6081e+01
  9.0933e+00 -1.6533e+01
  7.9900e+00 -1.6959e+01
  6.9039e+00 -1.7361e+01
  5.8436e+00 -1.7739e+01
  4.8174e+00 -1.8096e+01
  3.8342e+00 -1.8433e+01
  2.9024e+00 -1.8753e+01
  2.0305e+00 -1.9059e+01
  1.2267e+00 -1.9352e+01
  4.9892e-01 -1.9635e+01
 -1.4586e-01 -1.9911e+01
 -7.0129e-01 -2.0182e+01
 -1.1621e+00 -2.0447e+01
 -1.5242e+00 -2.0708e+01
 -1.7849e+00 -2.0965e+01
 -1.9429e+00 -2.1215e+01
 -1.9984e+00 -2.1456e+01
 -1.9527e+00 -2.1686e+01
 -1.8088e+00 -2.1900e+01
 -1.5703e+00 -2.2094e+01
 -1.2420e+00 -2.2264e+01
 -8.2937e-01 -2.2404e+01
 -3.3829e-01 -2.2510e+01
  2.2492e-01 -2.2577e+01
  8.5371e-01 -2.2602e+01
  1.5414e+00 -2.2580e+01
  2.2812e+00 -2.2508e+01
  3.0665e+00 -2.2384e+01
  3.8906e+00 -2.2204e+01
  4.7469e+00 -2.1968e+01
  5.6289e+00 -2.1674e+01
  6.5304e+00 -2.1322e+01
  7.4451e+00 -2.0911e+01
  8.3672e+00 -2.0442e+01
  9.2908e+00 -1.9915e+01
  1.0210e+01 -1.9333e+01
  1.1121e+01 -1.8697e+01
  1.2016e+01 -1.8010e+01
  1.2893e+01 -1.7274e+01
  1.3745e+01 -1.6492e+01
  1.4569e+01 -1.5669e+01
  1.5361e+01 -1.4807e+01
  1.6118e+01 -1.3912e+01
  1.6835e+01 -1.2988e+01
  1.7510e+01 -1.2040e+01
  1.8141e+01 -1.1074e+01
  1.8725e+01 -1.0094e+01
  1.9261e+01 -9.1077e+00
  1.9748e+01 -8.1200e+00
  2.0184e+01 -7.1374e+00
  2.0569e+01 -6.1666e+00
  2.0904e+01 -5.2144e+00
  2.1189e+01 -4.2877e+00
  2.1426e+01 -3.3934e+00
  2.1616e+01 -2.5390e+00
  2.1762e+01 -1.7315e+00
  2.1865e+01 -9.7836e-01
  2.1930e+01 -2.8683e-01
  2.1960e+01  3.3592e-01
  2.1958e+01  8.8295e-01
  2.1929e+01  1.3477e+00
  2.1876e+01  1.7241e+00
  2.1803e+01  2.0067e+00
  2.1714e+01  2.1911e+00
  2.1611e+01  2.2739e+00
  2.1496e+01  2.2529e+00
  2.1372e+01  2.1272e+00
  2.1239e+01  1.8975e+00
  2.1096e+01  1.5658e+00
  2.0942e+01  1.1354e+00
  2.0776e+01  6.1095e-01
  2.0595e+01 -2.0488e-03
  2.0397e+01 -6.9708e-01
  2.0179e+01 -1.4670e+00
  1.9937e+01 -2.3043e+00
  1.9670e+01 -3.2009e+00
  1.9374e+01 -4.1489e+00
  1.9048e+01 -5.1400e+00
  1.8690e+01 -6.1660e+00
  1.8297e+01 -7.2190e+00
  1.7870e+01 -8.2909e+00
  1.7408e+01 -9.3740e+00
  1.6911e+01 -1.0461e+01
  1.6378e+01 -1.1544e+01
  1.5811e+01 -1.2617e+01
  1.5211e+01 -1.3672e+01
  1.4579e+01 -1.4704e+01
  1.3918e+01 -1.5706e+01
  1.3229e+01 -1.6672e+01
  1.2515e+01 -1.7597e+01
  1.1780e+01 -1.8477e+01
  1.1025e+01 -1.9306e+01
  1.0256e+01 -2.0080e+01
  9.4744e+00 -2.0796e+01
  8.6854e+00 -2.1450e+01
  7.8927e+00 -2.2040e+01
  7.1008e+00 -2.2563e+01
  6.3141e+00 -2.3017e+01
  5.5374e+00 -2.3402e+01
  4.7754e+00 -2.3716e+01
  4.0332e+00 -2.3959e+01
  3.3158e+00 -2.4132e+01
  2.6285e+00 -2.4235e+01
  1.9766e+00 -2.4271e+01
  1.3655e+00 -2.4240e+01
  8.0074e-01 -2.4147e+01
  2.8781e-01 -2.3994e+01
 -1.6771e-01 -2.3785e+01
 -5.6027e-01 -2.3524e+01
 -8.8441e-01 -2.3216e+01
 -1.1348e+00 -2.2866e+01
 -1.3063e+00 -2.2481e+01
 -1.3943e+00 -2.2064e+01
 -1.3945e+00 -2.1623e+01
 -1.3034e+00 -2.1162e+01
 -1.1181e+00 -2.0687e+01
 -8.3707e-01 -2.0202e+01
 -4.5964e-01 -1.9711e+01
  1.3411e-02 -1.9218e+01
  5.8001e-01 -1.8725e+01
  1.2367e+00 -1.8234e+01
  1.9788e+00 -1.7744e+01
  2.8005e+00 -1.7256e+01
  3.6948e+00 -1.6770e+01
  4.6540e+00 -1.6283e+01
  5.6698e+00 -1.5796e+01
  6.7337e+00 -1.5306e+01
  7.8364e+00 -1.4812e+01
  8.9691e+00 -1.4313e+01
  1.0123e+01 -1.3807e+01
  1.1288e+01 -1.3294e+01
  1.2456e+01 -1.2774e+01
  1.3619e+01 -1.2245e+01
  1.4769e+01 -1.1708e+01
  1.5896e+01 -1.1163e+01
  1.6995e+01 -1.0610e+01
  1.8057e+01 -1.0052e+01
  1.9077e+01 -9.4880e+00
  2.0047e+01 -8.9203e+00
  2.0962e+01 -8.3503e+00
  2.1817e+01 -7.7800e+00
  2.2606e+01 -7.2113e+00
  2.3326e+01 -6.6465e+00
  2.3972e+01 -6.0878e+00
  2.4541e+01 -5.5379e+00
  2.5031e+01 -4.9993e+00
  2.5438e+01 -4.4749e+00
  2.5762e+01 -3.9675e+00
  2.6001e+01 -3.4801e+00
  2.6155e+01 -3.0157e+00
  2.6224e+01 -2.5775e+00
  2.6209e+01 -2.1687e+00
  2.6111e+01 -1.7925e+00
  2.5932e+01 -1.4525e+00
  2.5674e+01 -1.1518e+00
  2.5341e+01 -8.9410e-01
  2.4937e+01 -6.8283e-01
  2.4465e+01 -5.2159e-01
  2.3931e+01 -4.1395e-01
  2.3341e+01 -3.6351e-01
  2.2700e+01 -3.7386e-01
  2.2015e+01 -4.4849e-01
  2.1293e+01 -5.9076e-01
  2.0541e+01 -8.0382e-01
  1.9766e+01 -1.0905e+00
  1.8976e+01 -1.4531e+00
  1.8177e+01 -1.8934e+00
  1.7378e+01 -2.4123e+00
  1.6582e+01 -3.0098e+00
  1.5798e+01 -3.6850e+00
  1.5028e+01 -4.4356e+00
  1.4278e+01 -5.2580e+00
  1.3550e+01 -6.1476e+00
  1.2846e+01 -7.0986e+00
  1.2167e+01 -8.1040e+00
  1.1514e+01 -9.1561e+00
  1.0887e+01 -1.0247e+01
  1.0285e+01 -1.1366e+01
  9.7074e+00 -1.2507e+01
  9.1533e+00 -1.3658e+01
  8.6219e+00 -1.4811e+01
  8.1121e+00 -1.5956e+01
  7.6231e+00 -1.7085e+01
  7.1543e+00 -1.8190e+01
  6.7050e+00 -1.9261e+01
  6.2750e+00 -2.0292e+01
  5.8638e+00 -2.1274e+01
  5.4715e+00 -2.2202e+01
  5.0982e+00 -2.3069e+01
  4.7441e+00 -2.3868e+01
  4.4095e+00 -2.4595e+01
  4.0949e+00 -2.5246e+01
  3.8008e+00 -2.5816e+01
  3.5281e+00 -2.6301e+01
  3.2773e+00 -2.6699e+01
  3.0493e+00 -2.7007e+01
  2.8451e+00 -2.7223e+01
