  2.0000e-05  2.5000e-05
  2.2229e+04  2.7787e+04
  6.6688e+04  8.6178e+45
  1.1115e+05  2.5853e+46
  1.5561e+05  5.1707e+46
  2.0007e+05  8.6178e+46
  2.4452e+05  1.2927e+47
  2.8898e+05  1.8097e+47
  3.3344e+05  2.4130e+47
  3.7790e+05  3.1024e+47
  4.2236e+05  3.8780e+47
  4.6682e+05  4.7398e+47
  5.1128e+05  5.6877e+47
  5.5574e+05  6.7219e+47
  6.0020e+05  7.8422e+47
  6.4465e+05  9.0487e+47
  6.8911e+05  1.0341e+48
  7.3357e+05  1.1720e+48
  7.7803e+05  1.3185e+48
  8.2249e+05  1.4736e+48
  8.6695e+05  1.6374e+48
  9.1141e+05  1.8097e+48
  9.5587e+05  1.9907e+48
  1.0003e+06  2.1803e+48
  1.0448e+06  2.3785e+48
  1.0892e+06  2.5853e+48
  1.1337e+06  2.8008e+48
  1.1782e+06  3.0248e+48
  1.2226e+06  3.2575e+48
  1.2671e+06  3.4988e+48
  1.3115e+06  3.7487e+48
  1.3560e+06  4.0073e+48
  1.4005e+06  4.2744e+48
  1.4449e+06  4.5502e+48
  1.4894e+06  4.8346e+48
  1.5338e+06  5.1276e+48
  1.5783e+06  5.4292e+48
  1.6228e+06  5.7394e+48
  1.6672e+06  6.0583e+48
  1.7117e+06  6.3858e+48
  1.7561e+06  6.7219e+48
  1.8006e+06  7.0666e+48
  1.8450e+06  7.4199e+48
  1.8895e+06  7.7819e+48
  1.9340e+06  8.1524e+48
  1.9784e+06  8.5316e+48
  2.0229e+06  8.9194e+48
  2.0673e+06  9.3158e+48
  2.1118e+06  9.7209e+48
  2.1563e+06  1.0135e+49
