  2.0000e+01  2.5000e+01
  2.0000e+01  2.5000e+01
  2.0000e+01  2.5000e+01
  2.0000e+01  2.5000e+01
  2.0000e+01  2.5000e+01
  2.0000e+01  2.5000e+01
  2.0000e+01  2.5000e+01
  2.0000e+01  2.5000e+01
  2.0000e+01  2.5000e+01
  2.0000e+01  2.5000e+01
  2.0000e+01  2.5000e+01
  2.0000e+01  2.5000e+01
  2.0000e+01  2.5000e+01
  2.0000e+01  2.5000e+01
  2.0000e+01  2.5000e+01
  2.0000e+01  2.5000e+01
  2.0000e+01  2.5000e+01
  2.0000e+01  2.5000e+01
  2.0000e+01  2.5000e+01
  2.0000e+01  2.5000e+01
  2.0000e+01  2.5000e+01
  2.0000e+01  2.5000e+01
  2.0000e+01  2.5000e+01
  2.0000e+01  2.5000e+01
  2.0000e+01  2.5000e+01
  2.0000e+01  2.5000e+01
  2.0000e+01  2.5000e+01
  2.0000e+01  2.5000e+01
  2.0000e+01  2.5000e+01
  2.0000e+01  2.5000e+01
  2.0000e+01  2.5000e+01
  2.0000e+01  2.5000e+01
  2.0000e+01  2.5000e+01
  2.0000e+01  2.5000e+01
  2.0000e+01  2.5000e+01
  2.0000e+01  2.5000e+01
  2.0000e+01  2.5000e+01
  2.0000e+01  2.5000e+01
  2.0000e+01  2.5000e+01
  2.0000e+01  2.5000e+01
  2.0000e+01  2.5000e+01
  2.0000e+01  2.5000e+01
  2.0000e+01  2.5000e+01
  2.0000e+01  2.5000e+01
  2.0000e+01  2.5000e+01
  2.0000e+01  2.5000e+01
  2.0000e+01  2.5000e+01
  2.0000e+01  2.5000e+01
  2.0000e+01  2.5000e+01
  2.0000e+01  2.5000e+01
