  2.5512e+01  1.0214e+01  2.8990e+01  3.9417e+01
  2.7029e+01  2.0030e+01  3.2806e+01  3.6507e+01
  2.9487e+01  2.8926e+01  3.6219e+01  3.1421e+01
  3.2768e+01  3.6432e+01  3.9026e+01  2.4426e+01
  3.6713e+01  4.2147e+01  4.1053e+01  1.5892e+01
  4.1127e+01  4.5767e+01  4.2168e+01  6.2666e+00
  4.5790e+01  4.7098e+01  4.2286e+01 -3.9425e+00
  5.0468e+01  4.6067e+01  4.1377e+01 -1.4197e+01
  5.4926e+01  4.2727e+01  3.9463e+01 -2.3958e+01
  5.8942e+01  3.7250e+01  3.6620e+01 -3.2710e+01
  6.2314e+01  2.9924e+01  3.2971e+01 -3.9992e+01
  6.4877e+01  2.1132e+01  2.8683e+01 -4.5421e+01
  6.6507e+01  1.1337e+01  2.3958e+01 -4.8711e+01
  6.7128e+01  1.0523e+00  1.9019e+01 -4.9690e+01
  6.6719e+01 -9.1806e+00  1.4099e+01 -4.8306e+01
  6.5312e+01 -1.8824e+01  9.4338e+00 -4.4636e+01
  6.2991e+01 -2.7372e+01  5.2422e+00 -3.8872e+01
  5.9889e+01 -3.4375e+01  1.7193e+00 -3.1321e+01
  5.6180e+01 -3.9467e+01 -9.7556e-01 -2.2383e+01
  5.2069e+01 -4.2381e+01 -2.7267e+00 -1.2530e+01
  4.7782e+01 -4.2966e+01 -3.4684e+00 -2.2846e+00
  4.3554e+01 -4.1194e+01 -3.1885e+00  7.8119e+00
  3.9618e+01 -3.7162e+01 -1.9289e+00  1.7225e+01
  3.6190e+01 -3.1084e+01  2.1695e-01  2.5457e+01
  3.3459e+01 -2.3286e+01  3.1084e+00  3.2072e+01
  3.1577e+01 -1.4182e+01  6.5655e+00  3.6719e+01
  3.0650e+01 -4.2552e+00  1.0378e+01  3.9153e+01
  3.0736e+01  5.9667e+00  1.4318e+01  3.9245e+01
  3.1835e+01  1.5941e+01  1.8149e+01  3.6988e+01
  3.3898e+01  2.5138e+01  2.1641e+01  3.2501e+01
  3.6821e+01  3.3069e+01  2.4582e+01  2.6021e+01
  4.0455e+01  3.9313e+01  2.6790e+01  1.7889e+01
  4.4616e+01  4.3536e+01  2.8119e+01  8.5341e+00
  4.9087e+01  4.5512e+01  2.8472e+01 -1.5502e+00
  5.3639e+01  4.5135e+01  2.7802e+01 -1.1832e+01
  5.8036e+01  4.2421e+01  2.6117e+01 -2.1768e+01
  6.2050e+01  3.7511e+01  2.3478e+01 -3.0834e+01
  6.5473e+01  3.0662e+01  1.9995e+01 -3.8553e+01
  6.8129e+01  2.2231e+01  1.5826e+01 -4.4516e+01
  6.9881e+01  1.2661e+01  1.1161e+01 -4.8409e+01
  7.0640e+01  2.4560e+00  6.2202e+00 -5.0027e+01
  7.0369e+01 -7.8494e+00  1.2350e+00 -4.9285e+01
  6.9085e+01 -1.7713e+01 -3.5591e+00 -4.6222e+01
  6.6859e+01 -2.6618e+01 -7.9371e+00 -4.1000e+01
  6.3809e+01 -3.4096e+01 -1.1696e+01 -3.3895e+01
  6.0100e+01 -3.9755e+01 -1.4666e+01 -2.5283e+01
  5.5929e+01 -4.3299e+01 -1.6717e+01 -1.5619e+01
  5.1517e+01 -4.4544e+01 -1.7771e+01 -5.4138e+00
  4.7099e+01 -4.3428e+01 -1.7800e+01  4.7943e+00
  4.2909e+01 -4.0011e+01 -1.6830e+01  1.4466e+01
  3.9168e+01 -3.4478e+01 -1.4942e+01  2.3089e+01
  3.6074e+01 -2.7124e+01 -1.2263e+01  3.0210e+01
  3.3791e+01 -1.8340e+01 -8.9629e+00  3.5451e+01
  3.2439e+01 -8.5929e+00 -5.2449e+00  3.8536e+01
  3.2088e+01  1.5992e+00 -1.3334e+00  3.9302e+01
  3.2755e+01  1.1695e+01  2.5365e+00  3.7709e+01
  3.4405e+01  2.1159e+01  6.1322e+00  3.3841e+01
  3.6949e+01  2.9487e+01  9.2353e+00  2.7902e+01
  4.0250e+01  3.6237e+01  1.1654e+01  2.0207e+01
  4.4132e+01  4.1050e+01  1.3232e+01  1.1162e+01
  4.8386e+01  4.3668e+01  1.3857e+01  1.2448e+00
  5.2787e+01  4.3950e+01  1.3469e+01 -9.0201e+00
  5.7098e+01  4.1878e+01  1.2059e+01 -1.9090e+01
  6.1087e+01  3.7559e+01  9.6750e+00 -2.8434e+01
  6.4542e+01  3.1218e+01  6.4135e+00 -3.6556e+01
  6.7274e+01  2.3187e+01  2.4190e+00 -4.3028e+01
  6.9137e+01  1.3888e+01 -2.1255e+00 -4.7508e+01
  7.0026e+01  3.8073e+00 -7.0079e+00 -4.9758e+01
  6.9890e+01 -6.5241e+00 -1.1998e+01 -4.9659e+01
  6.8731e+01 -1.6564e+01 -1.6861e+01 -4.7216e+01
  6.6604e+01 -2.5784e+01 -2.1367e+01 -4.2557e+01
  6.3617e+01 -3.3701e+01 -2.5307e+01 -3.5927e+01
  5.9922e+01 -3.9900e+01 -2.8499e+01 -2.7677e+01
  5.5706e+01 -4.4056e+01 -3.0802e+01 -1.8242e+01
  5.1186e+01 -4.5952e+01 -3.2124e+01 -8.1179e+00
  4.6594e+01 -4.5491e+01 -3.2421e+01  2.1598e+00
  4.2166e+01 -4.2700e+01 -3.1705e+01  1.2049e+01
  3.8127e+01 -3.7730e+01 -3.0041e+01  2.1029e+01
  3.4684e+01 -3.0846e+01 -2.7545e+01  2.8626e+01
  3.2010e+01 -2.2414e+01 -2.4376e+01  3.4439e+01
  3.0238e+01 -1.2883e+01 -2.0728e+01  3.8162e+01
  2.9454e+01 -2.7582e+00 -1.6820e+01  3.9599e+01
  2.9689e+01  7.4218e+00 -1.2887e+01  3.8677e+01
  3.0922e+01  1.7117e+01 -9.1621e+00  3.5443e+01
  3.3078e+01  2.5812e+01 -5.8697e+00  3.0070e+01
  3.6035e+01  3.3046e+01 -3.2102e+00  2.2843e+01
  3.9626e+01  3.8432e+01 -1.3504e+00  1.4144e+01
  4.3650e+01  4.1685e+01 -4.1517e-01  4.4350e+00
  4.7886e+01  4.2630e+01 -4.8011e-01 -5.7715e+00
  5.2097e+01  4.1213e+01 -1.5681e+00 -1.5935e+01
  5.6051e+01  3.7507e+01 -3.6476e+00 -2.5517e+01
  5.9528e+01  3.1705e+01 -6.6350e+00 -3.4010e+01
  6.2332e+01  2.4111e+01 -1.0398e+01 -4.0966e+01
  6.4304e+01  1.5123e+01 -1.4764e+01 -4.6014e+01
  6.5326e+01  5.2136e+00 -1.9528e+01 -4.8887e+01
  6.5333e+01 -5.0970e+00 -2.4464e+01 -4.9433e+01
  6.4311e+01 -1.5267e+01 -2.9336e+01 -4.7620e+01
  6.2302e+01 -2.4761e+01 -3.3912e+01 -4.3544e+01
  5.9399e+01 -3.3081e+01 -3.7976e+01 -3.7418e+01
  5.5740e+01 -3.9789e+01 -4.1338e+01 -2.9565e+01
  5.1506e+01 -4.4535e+01 -4.3845e+01 -2.0397e+01
  4.6907e+01 -4.7070e+01 -4.5390e+01 -1.0398e+01
  4.2171e+01 -4.7263e+01 -4.5914e+01 -9.4308e-02
  3.7533e+01 -4.5105e+01 -4.5416e+01  9.9716e+00
  3.3225e+01 -4.0714e+01 -4.3946e+01  1.9269e+01
  2.9457e+01 -3.4324e+01 -4.1605e+01  2.7310e+01
  2.6415e+01 -2.6275e+01 -3.8540e+01  3.3669e+01
  2.4243e+01 -1.6995e+01 -3.4938e+01  3.8014e+01
  2.3041e+01 -6.9761e+00 -3.1012e+01  4.0116e+01
  2.2855e+01  3.2501e+00 -2.6994e+01  3.9865e+01
  2.3680e+01  1.3141e+01 -2.3118e+01  3.7278e+01
  2.5455e+01  2.2171e+01 -1.9612e+01  3.2492e+01
  2.8069e+01  2.9862e+01 -1.6684e+01  2.5761e+01
  3.1369e+01  3.5804e+01 -1.4513e+01  1.7443e+01
  3.5161e+01  3.9682e+01 -1.3234e+01  7.9799e+00
  3.9229e+01  4.1289e+01 -1.2938e+01 -2.1277e+00
  4.3340e+01  4.0537e+01 -1.3663e+01 -1.2344e+01
  4.7259e+01  3.7463e+01 -1.5393e+01 -2.2127e+01
  5.0760e+01  3.2228e+01 -1.8057e+01 -3.0958e+01
  5.3641e+01  2.5106e+01 -2.1537e+01 -3.8369e+01
  5.5731e+01  1.6471e+01 -2.5670e+01 -4.3967e+01
  5.6900e+01  6.7766e+00 -3.0260e+01 -4.7454e+01
  5.7067e+01 -3.4670e+00 -3.5084e+01 -4.8644e+01
  5.6206e+01 -1.3721e+01 -3.9909e+01 -4.7472e+01
  5.4341e+01 -2.3446e+01 -4.4501e+01 -4.3997e+01
  5.1551e+01 -3.2131e+01 -4.8638e+01 -3.8402e+01
  4.7965e+01 -3.9318e+01 -5.2120e+01 -3.0979e+01
  4.3751e+01 -4.4631e+01 -5.4785e+01 -2.2120e+01
  3.9111e+01 -4.7790e+01 -5.6512e+01 -1.2288e+01
  3.4270e+01 -4.8632e+01 -5.7228e+01 -2.0029e+00
  2.9463e+01 -4.7113e+01 -5.6915e+01  8.1957e+00
  2.4924e+01 -4.3316e+01 -5.5609e+01  1.7771e+01
  2.0870e+01 -3.7443e+01 -5.3399e+01  2.6220e+01
  1.7494e+01 -2.9806e+01 -5.0418e+01  3.3097e+01
  1.4954e+01 -2.0812e+01 -4.6844e+01  3.8043e+01
  1.3362e+01 -1.0936e+01 -4.2883e+01  4.0798e+01
  1.2779e+01 -7.0234e-01 -3.8762e+01  4.1219e+01
  1.3215e+01  9.3466e+00 -3.4718e+01  3.9286e+01
  1.4624e+01  1.8678e+01 -3.0981e+01  3.5103e+01
  1.6910e+01  2.6798e+01 -2.7765e+01  2.8894e+01
  1.9929e+01  3.3275e+01 -2.5259e+01  2.0989e+01
  2.3499e+01  3.7766e+01 -2.3610e+01  1.1808e+01
  2.7408e+01  4.0031e+01 -2.2923e+01  1.8384e+00
  3.1426e+01  3.9949e+01 -2.3251e+01 -8.3910e+00
  3.5319e+01  3.7524e+01 -2.4592e+01 -1.8337e+01
  3.8857e+01  3.2880e+01 -2.6892e+01 -2.7473e+01
  4.1829e+01  2.6263e+01 -3.0043e+01 -3.5313e+01
  4.4055e+01  1.8019e+01 -3.3897e+01 -4.1440e+01
  4.5393e+01  8.5835e+00 -3.8263e+01 -4.5528e+01
  4.5748e+01 -1.5478e+00 -4.2927e+01 -4.7360e+01
  4.5078e+01 -1.1841e+01 -4.7656e+01 -4.6836e+01
  4.3393e+01 -2.1754e+01 -5.2216e+01 -4.3980e+01
  4.0757e+01 -3.0764e+01 -5.6379e+01 -3.8941e+01
  3.7286e+01 -3.8398e+01 -5.9940e+01 -3.1983e+01
  3.3137e+01 -4.4252e+01 -6.2724e+01 -2.3471e+01
  2.8505e+01 -4.8021e+01 -6.4597e+01 -1.3851e+01
  2.3609e+01 -4.9505e+01 -6.5474e+01 -3.6297e+00
  1.8683e+01 -4.8628e+01 -6.5321e+01  6.6566e+00
  1.3961e+01 -4.5437e+01 -6.4158e+01  1.6467e+01
  9.6676e+00 -4.0103e+01 -6.2061e+01  2.5286e+01
  6.0031e+00 -3.2908e+01 -5.9150e+01  3.2650e+01
  3.1357e+00 -2.4233e+01 -5.5592e+01  3.8173e+01
  1.1907e+00 -1.4538e+01 -5.1587e+01  4.1566e+01
  2.4499e-01 -4.3368e+00 -4.7356e+01  4.2653e+01
  3.2228e-01  5.8315e+00 -4.3135e+01  4.1379e+01
  1.3922e+00  1.5429e+01 -3.9157e+01  3.7814e+01
  3.3719e+00  2.3946e+01 -3.5643e+01  3.2149e+01
  6.1303e+00  3.0934e+01 -3.2787e+01  2.4686e+01
  9.4951e+00  3.6021e+01 -3.0752e+01  1.5822e+01
  1.3262e+01  3.8938e+01 -2.9654e+01  6.0276e+00
  1.7205e+01  3.9530e+01 -2.9561e+01 -4.1764e+00
  2.1089e+01  3.7764e+01 -3.0485e+01 -1.4249e+01
  2.4682e+01  3.3734e+01 -3.2388e+01 -2.3654e+01
  2.7767e+01  2.7651e+01 -3.5177e+01 -3.1893e+01
  3.0154e+01  1.9835e+01 -3.8713e+01 -3.8528e+01
  3.1690e+01  1.0699e+01 -4.2817e+01 -4.3205e+01
  3.2266e+01  7.2351e-01 -4.7280e+01 -4.5675e+01
  3.1824e+01 -9.5641e+00 -5.1874e+01 -4.5804e+01
  3.0360e+01 -1.9622e+01 -5.6362e+01 -4.3582e+01
  2.7925e+01 -2.8919e+01 -6.0515e+01 -3.9125e+01
  2.4618e+01 -3.6965e+01 -6.4120e+01 -3.2664e+01
  2.0588e+01 -4.3336e+01 -6.6992e+01 -2.4538e+01
  1.6019e+01 -4.7695e+01 -6.8986e+01 -1.5173e+01
  1.1124e+01 -4.9814e+01 -7.0002e+01 -5.0609e+00
  6.1346e+00 -4.9580e+01 -6.9991e+01  5.2668e+00
  1.2862e+00 -4.7008e+01 -6.8959e+01  1.5268e+01
 -3.1931e+00 -4.2232e+01 -6.6966e+01  2.4417e+01
 -7.0949e+00 -3.5506e+01 -6.4121e+01  3.2233e+01
 -1.0241e+01 -2.7185e+01 -6.0578e+01  3.8307e+01
 -1.2493e+01 -1.7710e+01 -5.6528e+01  4.2321e+01
 -1.3761e+01 -7.5810e+00 -5.2189e+01  4.4066e+01
 -1.4005e+01  2.6665e+00 -4.7794e+01  4.3452e+01
 -1.3242e+01  1.2491e+01 -4.3577e+01  4.0515e+01
 -1.1539e+01  2.1373e+01 -3.9763e+01  3.5413e+01
 -9.0144e+00  2.8843e+01 -3.6557e+01  2.8419e+01
 -5.8305e+00  3.4507e+01 -3.4130e+01  1.9904e+01
 -2.1834e+00  3.8066e+01 -3.2612e+01  1.0322e+01
  1.7058e+00  3.9330e+01 -3.2085e+01  1.8120e-01
  5.6035e+00  3.8233e+01 -3.2577e+01 -9.9793e+00
  9.2754e+00  3.4834e+01 -3.4063e+01 -1.9620e+01
  1.2499e+01  2.9311e+01 -3.6466e+01 -2.8229e+01
  1.5076e+01  2.1956e+01 -3.9659e+01 -3.5348e+01
  1.6842e+01  1.3158e+01 -4.3473e+01 -4.0598e+01
  1.7675e+01  3.3814e+00 -4.7707e+01 -4.3700e+01
  1.7503e+01 -6.8574e+00 -5.2136e+01 -4.4486e+01
  1.6306e+01 -1.7017e+01 -5.6525e+01 -4.2912e+01
  1.4120e+01 -2.6562e+01 -6.0642e+01 -3.9058e+01
  1.1031e+01 -3.4986e+01 -6.4267e+01 -3.3124e+01
  7.1750e+00 -4.1846e+01 -6.7207e+01 -2.5422e+01
  2.7266e+00 -4.6778e+01 -6.9306e+01 -1.6354e+01
 -2.1073e+00 -4.9522e+01 -7.0448e+01 -6.3980e+00
 -7.0996e+00 -4.9932e+01 -7.0573e+01  3.9244e+00
 -1.2015e+01 -4.7987e+01 -6.9669e+01  1.4071e+01
 -1.6622e+01 -4.3789e+01 -6.7783e+01  2.3508e+01
 -2.0705e+01 -3.7559e+01 -6.5008e+01  3.1740e+01
 -2.4076e+01 -2.9626e+01 -6.1489e+01  3.8336e+01
 -2.6587e+01 -2.0409e+01 -5.7407e+01  4.2950e+01
 -2.8131e+01 -1.0393e+01 -5.2974e+01  4.5341e+01
 -2.8656e+01 -1.0861e-01 -4.8418e+01  4.5386e+01
 -2.8162e+01  9.9031e+00 -4.3975e+01  4.3085e+01
 -2.6703e+01  1.9113e+01 -3.9875e+01  3.8563e+01
 -2.4383e+01  2.7036e+01 -3.6329e+01  3.2062e+01
 -2.1352e+01  3.3254e+01 -3.3518e+01  2.3927e+01
 -1.7800e+01  3.7439e+01 -3.1584e+01  1.4592e+01
 -1.3940e+01  3.9370e+01 -3.0623e+01  4.5525e+00
 -1.0005e+01  3.8947e+01 -3.0679e+01 -5.6586e+00
 -6.2286e+00  3.6193e+01 -3.1742e+01 -1.5499e+01
 -2.8392e+00  3.1253e+01 -3.3749e+01 -2.4446e+01
 -4.2486e-02  2.4389e+01 -3.6585e+01 -3.2024e+01
  1.9864e+00  1.5966e+01 -4.0094e+01 -3.7830e+01
  3.1133e+00  6.4277e+00 -4.4082e+01 -4.1555e+01
  3.2515e+00 -3.7200e+00 -4.8329e+01 -4.2999e+01
  2.3668e+00 -1.3941e+01 -5.2603e+01 -4.2083e+01
  4.7904e-01 -2.3693e+01 -5.6668e+01 -3.8852e+01
 -2.3389e+00 -3.2462e+01 -6.0301e+01 -3.3475e+01
 -5.9649e+00 -3.9782e+01 -6.3301e+01 -2.6233e+01
 -1.0234e+01 -4.5267e+01 -6.5498e+01 -1.7504e+01
 -1.4947e+01 -4.8625e+01 -6.6767e+01 -7.7487e+00
 -1.9882e+01 -4.9677e+01 -6.7031e+01  2.5218e+00
 -2.4803e+01 -4.8368e+01 -6.6264e+01  1.2767e+01
 -2.9479e+01 -4.4766e+01 -6.4496e+01  2.2450e+01
 -3.3686e+01 -3.9058e+01 -6.1810e+01  3.1060e+01
 -3.7230e+01 -3.1546e+01 -5.8335e+01  3.8146e+01
 -3.9948e+01 -2.2626e+01 -5.4244e+01  4.3336e+01
 -4.1723e+01 -1.2766e+01 -4.9740e+01  4.6360e+01
 -4.2487e+01 -2.4871e+00 -4.5050e+01  4.7059e+01
 -4.2225e+01  7.6698e+00 -4.0407e+01  4.5400e+01
 -4.0975e+01  1.7169e+01 -3.6046e+01  4.1472e+01
 -3.8830e+01  2.5511e+01 -3.2182e+01  3.5487e+01
 -3.5926e+01  3.2256e+01 -2.9007e+01  2.7762e+01
 -3.2444e+01  3.7050e+01 -2.6674e+01  1.8708e+01
 -2.8590e+01  3.9639e+01 -2.5293e+01  8.8070e+00
 -2.4594e+01  3.9890e+01 -2.4923e+01 -1.4167e+00
 -2.0691e+01  3.7791e+01 -2.5569e+01 -1.1420e+01
 -1.7111e+01  3.3453e+01 -2.7182e+01 -2.0673e+01
 -1.4068e+01  2.7108e+01 -2.9662e+01 -2.8683e+01
 -1.1745e+01  1.9093e+01 -3.2863e+01 -3.5025e+01
 -1.0291e+01  9.8312e+00 -3.6600e+01 -3.9362e+01
 -9.8044e+00 -1.8508e-01 -4.0661e+01 -4.1462e+01
 -1.0335e+01 -1.0426e+01 -4.4814e+01 -4.1211e+01
 -1.1879e+01 -2.0348e+01 -4.8825e+01 -3.8621e+01
 -1.4377e+01 -2.9425e+01 -5.2464e+01 -3.3826e+01
 -1.7720e+01 -3.7178e+01 -5.5524e+01 -2.7077e+01
 -2.1754e+01 -4.3194e+01 -5.7826e+01 -1.8728e+01
 -2.6290e+01 -4.7153e+01 -5.9231e+01 -9.2171e+00
 -3.1109e+01 -4.8846e+01 -5.9647e+01  9.5517e-01
 -3.5980e+01 -4.8180e+01 -5.9036e+01  1.1254e+01
 -4.0667e+01 -4.5189e+01 -5.7410e+01  2.1138e+01
 -4.4945e+01 -4.0029e+01 -5.4839e+01  3.0086e+01
 -4.8609e+01 -3.2971e+01 -5.1440e+01  3.7630e+01
 -5.1488e+01 -2.4386e+01 -4.7374e+01  4.3371e+01
 -5.3450e+01 -1.4724e+01 -4.2836e+01  4.7011e+01
 -5.4414e+01 -4.4951e+00 -3.8048e+01  4.8358e+01
 -5.4348e+01  5.7632e+00 -3.3244e+01  4.7343e+01
 -5.3278e+01  1.5511e+01 -2.8657e+01  4.4022e+01
 -5.1280e+01  2.4235e+01 -2.4511e+01  3.8574e+01
 -4.8481e+01  3.1478e+01 -2.1004e+01  3.1287e+01
 -4.5047e+01  3.6858e+01 -1.8302e+01  2.2548e+01
 -4.1181e+01  4.0093e+01 -1.6527e+01  1.2822e+01
 -3.7106e+01  4.1015e+01 -1.5753e+01  2.6244e+00
 -3.3057e+01  3.9577e+01 -1.6000e+01 -7.5047e+00
 -2.9267e+01  3.5857e+01 -1.7234e+01 -1.7028e+01
 -2.5955e+01  3.0055e+01 -1.9369e+01 -2.5441e+01
 -2.3316e+01  2.2478e+01 -2.2270e+01 -3.2296e+01
 -2.1506e+01  1.3529e+01 -2.5764e+01 -3.7230e+01
 -2.0640e+01  3.6827e+00 -2.9643e+01 -3.9981e+01
 -2.0782e+01 -6.5378e+00 -3.3682e+01 -4.0401e+01
 -2.1942e+01 -1.6591e+01 -3.7644e+01 -3.8466e+01
 -2.4077e+01 -2.5943e+01 -4.1299e+01 -3.4276e+01
 -2.7090e+01 -3.4098e+01 -4.4431e+01 -2.8052e+01
 -3.0842e+01 -4.0623e+01 -4.6852e+01 -2.0119e+01
 -3.5149e+01 -4.5171e+01 -4.8412e+01 -1.0895e+01
 -3.9801e+01 -4.7498e+01 -4.9005e+01 -8.6654e-01
 -4.4570e+01 -4.7481e+01 -4.8576e+01  9.4397e+00
 -4.9219e+01 -4.5117e+01 -4.7125e+01  1.9481e+01
 -5.3519e+01 -4.0529e+01 -4.4706e+01  2.8728e+01
 -5.7258e+01 -3.3956e+01 -4.1423e+01  3.6694e+01
 -6.0255e+01 -2.5744e+01 -3.7424e+01  4.2960e+01
 -6.2367e+01 -1.6323e+01 -3.2899e+01  4.7198e+01
 -6.3496e+01 -6.1890e+00 -2.8060e+01  4.9183e+01
 -6.3598e+01  4.1256e+00 -2.3141e+01  4.8814e+01
 -6.2683e+01  1.4079e+01 -1.8376e+01  4.6111e+01
 -6.0812e+01  2.3147e+01 -1.3992e+01  4.1219e+01
 -5.8099e+01  3.0854e+01 -1.0196e+01  3.4396e+01
 -5.4701e+01  3.6795e+01 -7.1651e+00  2.6006e+01
 -5.0810e+01  4.0659e+01 -5.0328e+00  1.6493e+01
 -4.6645e+01  4.2245e+01 -3.8873e+00  6.3601e+00
 -4.2440e+01  4.1472e+01 -3.7636e+00 -3.8557e+00
 -3.8428e+01  3.8382e+01 -4.6431e+00 -1.3613e+01
 -3.4835e+01  3.3142e+01 -6.4537e+00 -2.2396e+01
 -3.1862e+01  2.6032e+01 -9.0742e+00 -2.9740e+01
 -2.9679e+01  1.7429e+01 -1.2340e+01 -3.5254e+01
 -2.8411e+01  7.7910e+00 -1.6054e+01 -3.8647e+01
 -2.8138e+01 -2.3707e+00 -1.9993e+01 -3.9737e+01
 -2.8885e+01 -1.2517e+01 -2.3922e+01 -3.8468e+01
 -3.0623e+01 -2.2108e+01 -2.7609e+01 -3.4903e+01
 -3.3271e+01 -3.0635e+01 -3.0833e+01 -2.9232e+01
 -3.6699e+01 -3.7646e+01 -3.3395e+01 -2.1751e+01
 -4.0737e+01 -4.2766e+01 -3.5135e+01 -1.2855e+01
 -4.5180e+01 -4.5723e+01 -3.5934e+01 -3.0135e+00
 -4.9804e+01 -4.6357e+01 -3.5724e+01  7.2554e+00
 -5.4372e+01 -4.4633e+01 -3.4487e+01  1.7410e+01
 -5.8654e+01 -4.0639e+01 -3.2263e+01  2.6915e+01
 -6.2431e+01 -3.4582e+01 -2.9143e+01  3.5269e+01
 -6.5512e+01 -2.6781e+01 -2.5263e+01  4.2032e+01
 -6.7743e+01 -1.7643e+01 -2.0801e+01  4.6847e+01
 -6.9012e+01 -7.6494e+00 -1.5967e+01  4.9461e+01
 -6.9261e+01  2.6754e+00 -1.0987e+01  4.9737e+01
 -6.8484e+01  1.2789e+01 -6.0983e+00  4.7661e+01
 -6.6728e+01  2.2160e+01 -1.5304e+00  4.3342e+01
 -6.4094e+01  3.0296e+01  2.5027e+00  3.7011e+01
 -6.0725e+01  3.6770e+01  5.8156e+00  2.9002e+01
 -5.6807e+01  4.1244e+01  8.2610e+00  1.9738e+01
 -5.2551e+01  4.3483e+01  9.7376e+00  9.7101e+00
 -4.8189e+01  4.3374e+01  1.0195e+01 -5.5210e-01
 -4.3955e+01  4.0923e+01  9.6375e+00 -1.0506e+01
 -4.0078e+01  3.6264e+01  8.1219e+00 -1.9625e+01
 -3.6767e+01  2.9646e+01  5.7565e+00 -2.7427e+01
 -3.4203e+01  2.1421e+01  2.6943e+00 -3.3500e+01
 -3.2523e+01  1.2026e+01 -8.7493e-01 -3.7523e+01
 -3.1820e+01  1.9612e+00 -4.7345e+00 -3.9282e+01
 -3.2135e+01 -8.2395e+00 -8.6524e+00 -3.8685e+01
 -3.3454e+01 -1.8034e+01 -1.2394e+01 -3.5762e+01
 -3.5711e+01 -2.6903e+01 -1.5732e+01 -3.0667e+01
 -3.8788e+01 -3.4374e+01 -1.8463e+01 -2.3671e+01
 -4.2525e+01 -4.0049e+01 -2.0415e+01 -1.5141e+01
 -4.6728e+01 -4.3627e+01 -2.1455e+01 -5.5284e+00
 -5.1174e+01 -4.4915e+01 -2.1501e+01  4.6594e+00
 -5.5632e+01 -4.3842e+01 -2.0522e+01  1.4884e+01
 -5.9865e+01 -4.0462e+01 -1.8541e+01  2.4607e+01
 -6.3653e+01 -3.4951e+01 -1.5635e+01  3.3313e+01
 -6.6794e+01 -2.7596e+01 -1.1928e+01  4.0543e+01
 -6.9123e+01 -1.8783e+01 -7.5882e+00  4.5916e+01
 -7.0517e+01 -8.9747e+00 -2.8165e+00  4.9147e+01
 -7.0902e+01  1.3137e+00  2.1637e+00  5.0065e+01
 -7.0256e+01  1.1542e+01  7.1175e+00  4.8623e+01
 -6.8613e+01  2.1172e+01  1.1812e+01  4.4895e+01
 -6.6059e+01  2.9700e+01  1.6027e+01  3.9080e+01
 -6.2725e+01  3.6677e+01  1.9568e+01  3.1483e+01
 -5.8787e+01  4.1737e+01  2.2277e+01  2.2507e+01
 -5.4451e+01  4.4617e+01  2.4039e+01  1.2624e+01
 -4.9942e+01  4.5167e+01  2.4789e+01  2.3571e+00
 -4.5496e+01  4.3362e+01  2.4516e+01 -7.7525e+00
 -4.1345e+01  3.9299e+01  2.3262e+01 -1.7171e+01
 -3.7705e+01  3.3196e+01  2.1121e+01 -2.5401e+01
 -3.4763e+01  2.5378e+01  1.8236e+01 -3.2008e+01
 -3.2673e+01  1.6261e+01  1.4786e+01 -3.6644e+01
 -3.1538e+01  6.3306e+00  1.0981e+01 -3.9065e+01
 -3.1416e+01 -3.8872e+00  7.0511e+00 -3.9142e+01
 -3.2307e+01 -1.3849e+01  3.2311e+00 -3.6873e+01
 -3.4160e+01 -2.3026e+01 -2.4909e-01 -3.2378e+01
 -3.6870e+01 -3.0931e+01 -3.1779e+00 -2.5895e+01
 -4.0289e+01 -3.7143e+01 -5.3730e+00 -1.7766e+01
 -4.4231e+01 -4.1331e+01 -6.6905e+00 -8.4227e+00
 -4.8480e+01 -4.3271e+01 -7.0333e+00  1.6419e+00
 -5.2806e+01 -4.2858e+01 -6.3557e+00  1.1895e+01
 -5.6974e+01 -4.0110e+01 -4.6661e+00  2.1795e+01
 -6.0755e+01 -3.5171e+01 -2.0261e+00  3.0817e+01
 -6.3943e+01 -2.8297e+01  1.4521e+00  3.8485e+01
 -6.6362e+01 -1.9850e+01  5.6120e+00  4.4392e+01
 -6.7875e+01 -1.0272e+01  1.0261e+01  4.8226e+01
 -6.8395e+01 -6.6268e-02  1.5181e+01  4.9784e+01
 -6.7885e+01  1.0230e+01  2.0139e+01  4.8982e+01
 -6.6364e+01  2.0077e+01  2.4900e+01  4.5861e+01
 -6.3902e+01  2.8956e+01  2.9239e+01  4.0586e+01
 -6.0621e+01  3.6402e+01  3.2954e+01  3.3434e+01
 -5.6683e+01  4.2025e+01  3.5875e+01  2.4781e+01
 -5.2287e+01  4.5529e+01  3.7875e+01  1.5085e+01
 -4.7654e+01  4.6733e+01  3.8875e+01  4.8559e+00
 -4.3019e+01  4.5575e+01  3.8847e+01 -5.3673e+00
 -3.8616e+01  4.2121e+01  3.7819e+01 -1.5045e+01
 -3.4666e+01  3.6554e+01  3.5873e+01 -2.3669e+01
 -3.1366e+01  2.9171e+01  3.3136e+01 -3.0783e+01
 -2.8879e+01  2.0366e+01  2.9779e+01 -3.6013e+01
 -2.7325e+01  1.0606e+01  2.6006e+01 -3.9084e+01
 -2.6773e+01  4.0951e-01  2.2040e+01 -3.9835e+01
 -2.7239e+01 -9.6829e+00  1.8118e+01 -3.8229e+01
 -2.8688e+01 -1.9135e+01  1.4471e+01 -3.4350e+01
 -3.1028e+01 -2.7445e+01  1.1317e+01 -2.8406e+01
 -3.4124e+01 -3.4172e+01  8.8480e+00 -2.0711e+01
 -3.7798e+01 -3.8957e+01  7.2195e+00 -1.1674e+01
 -4.1842e+01 -4.1545e+01  6.5422e+00 -1.7732e+00
 -4.6028e+01 -4.1797e+01  6.8763e+00  8.4670e+00
 -5.0122e+01 -3.9698e+01  8.2288e+00  1.8504e+01
 -5.3893e+01 -3.5354e+01  1.0553e+01  2.7807e+01
 -5.7126e+01 -2.8994e+01  1.3749e+01  3.5881e+01
 -5.9635e+01 -2.0951e+01  1.7673e+01  4.2301e+01
 -6.1274e+01 -1.1647e+01  2.2142e+01  4.6723e+01
 -6.1939e+01 -1.5703e+00  2.6943e+01  4.8915e+01
 -6.1580e+01  8.7481e+00  3.1847e+01  4.8757e+01
 -6.0199e+01  1.8766e+01  3.6616e+01  4.6257e+01
 -5.7854e+01  2.7957e+01  4.1024e+01  4.1545e+01
 -5.4652e+01  3.5838e+01  4.4860e+01  3.4868e+01
 -5.0744e+01  4.1995e+01  4.7944e+01  2.6578e+01
 -4.6321e+01  4.6105e+01  5.0136e+01  1.7109e+01
 -4.1599e+01  4.7953e+01  5.1343e+01  6.9617e+00
 -3.6809e+01  4.7445e+01  5.1523e+01 -3.3314e+00
 -3.2188e+01  4.4609e+01  5.0690e+01 -1.3228e+01
 -2.7960e+01  3.9597e+01  4.8908e+01 -2.2207e+01
 -2.4332e+01  3.2677e+01  4.6295e+01 -2.9796e+01
 -2.1477e+01  2.4216e+01  4.3009e+01 -3.5597e+01
 -1.9526e+01  1.4663e+01  3.9245e+01 -3.9304e+01
 -1.8564e+01  4.5253e+00  3.5225e+01 -4.0725e+01
 -1.8622e+01 -5.6596e+00  3.1179e+01 -3.9786e+01
 -1.9679e+01 -1.5352e+01  2.7345e+01 -3.6538e+01
 -2.1659e+01 -2.4037e+01  2.3943e+01 -3.1155e+01
 -2.4437e+01 -3.1254e+01  2.1176e+01 -2.3924e+01
 -2.7848e+01 -3.6620e+01  1.9208e+01 -1.5228e+01
 -3.1690e+01 -3.9849e+01  1.8164e+01 -5.5298e+00
 -3.5740e+01 -4.0770e+01  1.8118e+01  4.6573e+00
 -3.9765e+01 -3.9330e+01  1.9093e+01  1.4793e+01
 -4.3530e+01 -3.5604e+01  2.1057e+01  2.4339e+01
 -4.6815e+01 -2.9787e+01  2.3925e+01  3.2790e+01
 -4.9427e+01 -2.2185e+01  2.7563e+01  3.9697e+01
 -5.1206e+01 -1.3196e+01  3.1800e+01  4.4692e+01
 -5.2036e+01 -3.2939e+00  3.6429e+01  4.7511e+01
 -5.1852e+01  7.0005e+00  4.1224e+01  4.8001e+01
 -5.0641e+01  1.7145e+01  4.5950e+01  4.6134e+01
 -4.8445e+01  2.6606e+01  5.0375e+01  4.2007e+01
 -4.5359e+01  3.4886e+01  5.4283e+01  3.5836e+01
 -4.1522e+01  4.1549e+01  5.7485e+01  2.7943e+01
 -3.7115e+01  4.6244e+01  5.9828e+01  1.8745e+01
 -3.2348e+01  4.8726e+01  6.1206e+01  8.7227e+00
 -2.7448e+01  4.8866e+01  6.1563e+01 -1.5952e+00
 -2.2653e+01  4.6657e+01  6.0895e+01 -1.1667e+01
 -1.8192e+01  4.2218e+01  5.9255e+01 -2.0962e+01
 -1.4276e+01  3.5785e+01  5.6745e+01 -2.8993e+01
 -1.1090e+01  2.7699e+01  5.3513e+01 -3.5337e+01
 -8.7774e+00  1.8390e+01  4.9745e+01 -3.9663e+01
 -7.4365e+00  8.3501e+00  4.5656e+01 -4.1744e+01
 -7.1141e+00 -1.8885e+00  4.1475e+01 -4.1472e+01
 -7.8028e+00 -1.1783e+01  3.7440e+01 -3.8865e+01
 -9.4417e+00 -2.0811e+01  3.3776e+01 -3.4063e+01
 -1.1920e+01 -2.8492e+01  3.0692e+01 -2.7323e+01
 -1.5081e+01 -3.4420e+01  2.8364e+01 -1.9002e+01
 -1.8735e+01 -3.8280e+01  2.6930e+01 -9.5426e+00
 -2.2661e+01 -3.9867e+01  2.6477e+01  5.5251e-01
 -2.6629e+01 -3.9096e+01  2.7044e+01  1.0748e+01
 -3.0403e+01 -3.6006e+01  2.8612e+01  2.0502e+01
 -3.3758e+01 -3.0760e+01  3.1112e+01  2.9297e+01
 -3.6492e+01 -2.3632e+01  3.4424e+01  3.6666e+01
 -3.8434e+01 -1.4998e+01  3.8384e+01  4.2217e+01
 -3.9456e+01 -5.3138e+00  4.2796e+01  4.5654e+01
 -3.9479e+01  4.9115e+00  4.7438e+01  4.6793e+01
 -3.8474e+01  1.5139e+01  5.2076e+01  4.5570e+01
 -3.6469e+01  2.4828e+01  5.6475e+01  4.2049e+01
 -3.3543e+01  3.3470e+01  6.0415e+01  3.6412e+01
 -2.9825e+01  4.0609e+01  6.3696e+01  2.8953e+01
 -2.5484e+01  4.5868e+01  6.6157e+01  2.0065e+01
 -2.0724e+01  4.8971e+01  6.7677e+01  1.0214e+01
 -1.5768e+01  4.9755e+01  6.8185e+01 -8.2900e-02
 -1.0852e+01  4.8180e+01  6.7664e+01 -1.0284e+01
 -6.2081e+00  4.4329e+01  6.6149e+01 -1.9854e+01
 -2.0552e+00  3.8408e+01  6.3731e+01 -2.8289e+01
  1.4146e+00  3.0729e+01  6.0544e+01 -3.5148e+01
  4.0453e+00  2.1699e+01  5.6766e+01 -4.0070e+01
  5.7251e+00  1.1796e+01  5.2604e+01 -4.2799e+01
  6.3928e+00  1.5440e+00  4.8284e+01 -4.3193e+01
  6.0404e+00 -8.5152e+00  4.4044e+01 -4.1235e+01
  4.7140e+00 -1.7849e+01  4.0113e+01 -3.7030e+01
  2.5113e+00 -2.5965e+01  3.6705e+01 -3.0804e+01
 -4.2381e-01 -3.2432e+01  3.4009e+01 -2.2888e+01
 -3.9085e+00 -3.6909e+01  3.2170e+01 -1.3703e+01
 -7.7310e+00 -3.9159e+01  3.1294e+01 -3.7380e+00
 -1.1662e+01 -3.9061e+01  3.1431e+01  6.4786e+00
 -1.5465e+01 -3.6622e+01  3.2580e+01  1.6404e+01
 -1.8912e+01 -3.1969e+01  3.4685e+01  2.5511e+01
 -2.1793e+01 -2.5347e+01  3.7639e+01  3.3316e+01
 -2.3927e+01 -1.7106e+01  4.1290e+01  3.9403e+01
 -2.5174e+01 -7.6808e+00  4.5451e+01  4.3448e+01
 -2.5440e+01  2.4315e+00  4.9904e+01  4.5235e+01
 -2.4683e+01  1.2697e+01  5.4419e+01  4.4666e+01
 -2.2914e+01  2.2574e+01  5.8760e+01  4.1768e+01
 -2.0199e+01  3.1541e+01  6.2700e+01  3.6692e+01
 -1.6652e+01  3.9124e+01  6.6034e+01  2.9702e+01
 -1.2433e+01  4.4924e+01  6.8588e+01  2.1165e+01
 -7.7372e+00  4.8634e+01  7.0230e+01  1.1529e+01
 -2.7832e+00  5.0058e+01  7.0874e+01  1.3001e+00
  2.1953e+00  4.9121e+01  7.0488e+01 -8.9850e+00
  6.9637e+00  4.5874e+01  6.9094e+01 -1.8786e+01
