  1.0000e-01  2.0000e+00
  1.0000e-01  2.0020e+00
  0.0000e+00  2.0040e+00
  1.0000e-01  2.0060e+00
  1.0000e-01  2.0080e+00
  0.0000e+00  2.0100e+00
  0.0000e+00  2.0120e+00
  1.0000e-01  2.0140e+00
  0.0000e+00  2.0160e+00
  0.0000e+00  2.0180e+00
  1.0000e-01  2.0200e+00
  0.0000e+00  2.0220e+00
  0.0000e+00  2.0240e+00
  1.0000e-01  2.0260e+00
  0.0000e+00  2.0280e+00
  0.0000e+00  2.0300e+00
  1.0000e-01  2.0320e+00
  0.0000e+00  2.0340e+00
  1.0000e-01  2.0360e+00
  0.0000e+00  2.0380e+00
  0.0000e+00  2.0400e+00
  0.0000e+00  2.0420e+00
  0.0000e+00  2.0440e+00
  1.0000e-01  2.0460e+00
  0.0000e+00  2.0480e+00
  1.0000e-01  2.0500e+00
  0.0000e+00  2.0520e+00
  0.0000e+00  2.0540e+00
  0.0000e+00  2.0560e+00
  0.0000e+00  2.0580e+00
  0.0000e+00  2.0600e+00
  1.0000e-01  2.0620e+00
  0.0000e+00  2.0640e+00
  0.0000e+00  2.0660e+00
  0.0000e+00  2.0680e+00
  1.0000e-01  2.0700e+00
  1.0000e-01  2.0720e+00
  0.0000e+00  2.0740e+00
  0.0000e+00  2.0760e+00
  1.0000e-01  2.0780e+00
  1.0000e-01  2.0800e+00
  1.0000e-01  2.0820e+00
  0.0000e+00  2.0840e+00
  0.0000e+00  2.0860e+00
  0.0000e+00  2.0880e+00
  0.0000e+00  2.0900e+00
  0.0000e+00  2.0920e+00
  0.0000e+00  2.0940e+00
  1.0000e-01  2.0960e+00
  0.0000e+00  2.0980e+00
  1.0000e-01  2.1000e+00
  0.0000e+00  2.1020e+00
  1.0000e-01  2.1040e+00
  0.0000e+00  2.1060e+00
  0.0000e+00  2.1080e+00
  0.0000e+00  2.1100e+00
  0.0000e+00  2.1120e+00
  0.0000e+00  2.1140e+00
  0.0000e+00  2.1160e+00
  0.0000e+00  2.1180e+00
  0.0000e+00  2.1200e+00
  0.0000e+00  2.1220e+00
  0.0000e+00  2.1240e+00
  0.0000e+00  2.1260e+00
  0.0000e+00  2.1280e+00
  0.0000e+00  2.1300e+00
  0.0000e+00  2.1320e+00
  0.0000e+00  2.1340e+00
  0.0000e+00  2.1360e+00
  0.0000e+00  2.1380e+00
  0.0000e+00  2.1400e+00
  0.0000e+00  2.1420e+00
  0.0000e+00  2.1440e+00
  0.0000e+00  2.1460e+00
  0.0000e+00  2.1480e+00
  0.0000e+00  2.1500e+00
  0.0000e+00  2.1520e+00
  0.0000e+00  2.1540e+00
  0.0000e+00  2.1560e+00
  0.0000e+00  2.1580e+00
  0.0000e+00  2.1600e+00
  0.0000e+00  2.1620e+00
  0.0000e+00  2.1640e+00
  0.0000e+00  2.1660e+00
  0.0000e+00  2.1680e+00
  0.0000e+00  2.1700e+00
  0.0000e+00  2.1720e+00
  0.0000e+00  2.1740e+00
  0.0000e+00  2.1760e+00
  0.0000e+00  2.1780e+00
  0.0000e+00  2.1800e+00
  0.0000e+00  2.1820e+00
  0.0000e+00  2.1840e+00
  0.0000e+00  2.1860e+00
  0.0000e+00  2.1880e+00
  0.0000e+00  2.1900e+00
  0.0000e+00  2.1920e+00
  0.0000e+00  2.1940e+00
  0.0000e+00  2.1960e+00
  0.0000e+00  2.1980e+00
  0.0000e+00  2.2000e+00
  0.0000e+00  2.2020e+00
  0.0000e+00  2.2040e+00
  0.0000e+00  2.2060e+00
  0.0000e+00  2.2080e+00
  0.0000e+00  2.2100e+00
  0.0000e+00  2.2120e+00
  0.0000e+00  2.2140e+00
  0.0000e+00  2.2160e+00
  0.0000e+00  2.2180e+00
  0.0000e+00  2.2200e+00
  0.0000e+00  2.2220e+00
  0.0000e+00  2.2240e+00
  0.0000e+00  2.2260e+00
  0.0000e+00  2.2280e+00
  0.0000e+00  2.2300e+00
  0.0000e+00  2.2320e+00
  0.0000e+00  2.2340e+00
  0.0000e+00  2.2360e+00
  0.0000e+00  2.2380e+00
  0.0000e+00  2.2400e+00
  0.0000e+00  2.2420e+00
  0.0000e+00  2.2440e+00
  0.0000e+00  2.2460e+00
  0.0000e+00  2.2480e+00
  0.0000e+00  2.2500e+00
  0.0000e+00  2.2520e+00
  0.0000e+00  2.2540e+00
  0.0000e+00  2.2560e+00
  0.0000e+00  2.2580e+00
  0.0000e+00  2.2600e+00
  0.0000e+00  2.2620e+00
  0.0000e+00  2.2640e+00
  0.0000e+00  2.2660e+00
  0.0000e+00  2.2680e+00
  0.0000e+00  2.2700e+00
  0.0000e+00  2.2720e+00
  0.0000e+00  2.2740e+00
  1.0000e-01  2.2760e+00
  0.0000e+00  2.2780e+00
  0.0000e+00  2.2800e+00
  1.0000e-01  2.2820e+00
  0.0000e+00  2.2840e+00
  0.0000e+00  2.2860e+00
  0.0000e+00  2.2880e+00
  0.0000e+00  2.2900e+00
  0.0000e+00  2.2920e+00
  0.0000e+00  2.2940e+00
  1.0000e-01  2.2960e+00
  0.0000e+00  2.2980e+00
  1.0000e-01  2.3000e+00
  0.0000e+00  2.3020e+00
  0.0000e+00  2.3040e+00
  1.0000e-01  2.3060e+00
  0.0000e+00  2.3080e+00
  0.0000e+00  2.3100e+00
  1.0000e-01  2.3120e+00
  1.0000e-01  2.3140e+00
  0.0000e+00  2.3160e+00
  0.0000e+00  2.3180e+00
  0.0000e+00  2.3200e+00
  0.0000e+00  2.3220e+00
  0.0000e+00  2.3240e+00
  0.0000e+00  2.3260e+00
  1.0000e-01  2.3280e+00
  0.0000e+00  2.3300e+00
  1.0000e-01  2.3320e+00
  0.0000e+00  2.3340e+00
  1.0000e-01  2.3360e+00
  0.0000e+00  2.3380e+00
  0.0000e+00  2.3400e+00
  0.0000e+00  2.3420e+00
  0.0000e+00  2.3440e+00
  0.0000e+00  2.3460e+00
  0.0000e+00  2.3480e+00
  1.0000e-01  2.3500e+00
  1.0000e-01  2.3520e+00
  0.0000e+00  2.3540e+00
  0.0000e+00  2.3560e+00
  1.0000e-01  2.3580e+00
  1.0000e-01  2.3600e+00
  1.0000e-01  2.3620e+00
  1.0000e-01  2.3640e+00
  0.0000e+00  2.3660e+00
  0.0000e+00  2.3680e+00
  0.0000e+00  2.3700e+00
  0.0000e+00  2.3720e+00
  1.0000e-01  2.3740e+00
  0.0000e+00  2.3760e+00
  1.0000e-01  2.3780e+00
  0.0000e+00  2.3800e+00
  0.0000e+00  2.3820e+00
  0.0000e+00  2.3840e+00
  0.0000e+00  2.3860e+00
  1.0000e-01  2.3880e+00
  1.0000e-01  2.3900e+00
  1.0000e-01  2.3920e+00
  1.0000e-01  2.3940e+00
  1.0000e-01  2.3960e+00
  0.0000e+00  2.3980e+00
  0.0000e+00  2.4000e+00
